# Blender v2.80 (sub 75) OBJ File: ''
# www.blender.org
o Sphere
v 0.000000 3.797382 1.200972
v 0.000000 3.997144 0.827244
v 0.000000 4.120157 0.421725
v 0.000000 4.161694 0.000000
v 0.000000 4.120157 -0.421726
v 0.000000 3.997144 -0.827244
v 0.000000 3.797382 -1.200972
v 0.000000 3.528548 -1.528548
v 0.000000 3.200973 -1.797382
v 0.000000 1.578274 -2.120157
v 0.082275 3.791652 1.206702
v 0.161387 3.985904 0.838484
v 0.234298 4.103839 0.438043
v 0.298205 4.140925 0.020768
v 0.350652 4.095736 -0.397305
v 0.389624 3.970009 -0.800109
v 0.413622 3.768576 -1.172166
v 0.421726 3.499177 -1.499177
v 0.413622 3.172166 -1.768576
v 0.389624 2.800110 -1.970009
v 0.350652 2.397305 -2.095736
v 0.298205 1.979232 -2.140925
v 0.234298 1.561957 -2.103839
v 0.161387 1.161516 -1.985904
v 0.082275 0.793297 -1.791652
v 0.161388 3.774683 1.223672
v 0.316573 3.952618 0.871771
v 0.459592 4.055514 0.486368
v 0.584950 4.079419 0.082275
v 0.687829 4.023412 -0.324981
v 0.764274 3.889647 -0.719747
v 0.811349 3.683264 -1.086854
v 0.827244 3.412194 -1.412194
v 0.811349 3.086854 -1.683264
v 0.764274 2.719748 -1.889647
v 0.687829 2.324981 -2.023412
v 0.584950 1.917725 -2.079419
v 0.459592 1.513632 -2.055514
v 0.316573 1.128229 -1.952617
v 0.161387 0.776328 -1.774683
v 0.234298 3.747126 1.251229
v 0.459593 3.898562 0.925826
v 0.667225 3.977038 0.564844
v 0.849216 3.979538 0.182156
v 0.998572 3.905965 -0.207533
v 1.109554 3.759146 -0.589246
v 1.177896 3.544725 -0.948315
v 1.200973 3.270941 -1.270941
v 1.177896 2.948315 -1.544725
v 1.109554 2.589247 -1.759146
v 0.998572 2.207533 -1.905965
v 0.849216 1.817844 -1.979538
v 0.667225 1.435156 -1.977038
v 0.459592 1.074173 -1.898562
v 0.234298 0.748770 -1.747125
v 0.298205 3.710040 1.288315
v 0.584950 3.825816 0.998572
v 0.849216 3.871427 0.670455
v 1.080847 3.845120 0.316573
v 1.270941 3.747907 -0.049475
v 1.412194 3.583522 -0.413622
v 1.499178 3.358283 -0.761873
v 1.528548 3.080846 -1.080846
v 1.499178 2.761873 -1.358283
v 1.412194 2.413622 -1.583522
v 1.270941 2.049475 -1.747907
v 1.080847 1.683427 -1.845120
v 0.849216 1.329545 -1.871427
v 0.584950 1.001427 -1.825816
v 0.298205 0.711685 -1.710040
v 0.350652 3.664851 1.333504
v 0.687829 3.737175 1.087214
v 0.998572 3.742740 0.799142
v 1.270941 3.681333 0.480361
v 1.494469 3.555313 0.143119
v 1.660565 3.369523 -0.199623
v 1.762846 3.131103 -0.534693
v 1.797383 2.849216 -0.849215
v 1.762846 2.534693 -1.131103
v 1.660565 2.199623 -1.369523
v 1.494469 1.856881 -1.555313
v 1.270941 1.519639 -1.681333
v 0.998572 1.200857 -1.742740
v 0.687829 0.912786 -1.737175
v 0.350652 0.666496 -1.664851
v 0.389624 3.613295 1.385060
v 0.764275 3.636045 1.188344
v 1.109554 3.595922 0.945961
v 1.412194 3.494468 0.667225
v 1.660565 3.335583 0.362848
v 1.845121 3.125373 0.044527
v 1.958770 2.871915 -0.275505
v 1.997144 2.584950 -0.584949
v 1.958770 2.275505 -0.871915
v 1.845121 1.955473 -1.125373
v 1.660565 1.637152 -1.335583
v 1.412194 1.332775 -1.494468
v 1.109554 1.054039 -1.595922
v 0.764274 0.811656 -1.636045
v 0.389624 0.614940 -1.613295
v 0.413623 3.557354 1.441001
v 0.811350 3.526312 1.298076
v 1.177896 3.436615 1.105268
v 1.499178 3.291709 0.869984
v 1.762846 3.097164 0.601268
v 1.958770 2.860455 0.309445
v 2.079419 2.590679 0.005731
v 2.120157 2.298204 -0.298204
v 2.079419 1.994270 -0.590679
v 1.958770 1.690555 -0.860455
v 1.762846 1.398732 -1.097164
v 1.499178 1.130016 -1.291709
v 1.177896 0.894732 -1.436615
v 0.811349 0.701923 -1.526312
v 0.413622 0.558999 -1.557354
v 0.421726 3.499177 1.499178
v 0.827245 3.412194 1.412195
v 1.200973 3.270941 1.270942
v 1.528548 3.080846 1.080847
v 1.797382 2.849215 0.849216
v 1.997144 2.584949 0.584950
v 2.120157 2.298204 0.298206
v 2.161694 2.000000 0.000001
v 2.120157 1.701795 -0.298204
v 1.997144 1.415050 -0.584949
v 1.797382 1.150784 -0.849215
v 1.528548 0.919153 -1.080846
v 1.200973 0.729058 -1.270941
v 0.827244 0.587805 -1.412194
v 0.421726 0.500822 -1.499177
v 0.413623 3.441000 1.557355
v 0.811349 3.298075 1.526313
v 1.177896 3.105267 1.436615
v 1.499178 2.869983 1.291710
v 1.762846 2.601267 1.097165
v 1.958770 2.309444 0.860456
v 2.079418 2.005729 0.590681
v 2.120157 1.701795 0.298206
v 2.079418 1.409320 -0.005729
v 1.958770 1.139544 -0.309444
v 1.762846 0.902835 -0.601267
v 1.499178 0.708290 -0.869983
v 1.177896 0.563384 -1.105267
v 0.811349 0.473687 -1.298076
v 0.413622 0.442645 -1.441000
v 0.389624 3.385059 1.613296
v 0.764274 3.188343 1.636045
v 1.109554 2.945960 1.595923
v 1.412194 2.667224 1.494469
v 1.660565 2.362847 1.335584
v 1.845121 2.044526 1.125374
v 1.958769 1.724494 0.871916
v 1.997144 1.415049 0.584951
v 1.958769 1.128084 0.275506
v 1.845121 0.874627 -0.044526
v 1.660565 0.664416 -0.362847
v 1.412194 0.505531 -0.667224
v 1.109554 0.404077 -0.945960
v 0.764274 0.363954 -1.188343
v 0.389624 0.386704 -1.385059
v 0.350652 3.333503 1.664852
v 0.687829 3.087213 1.737176
v 0.998572 2.799141 1.742741
v 1.270941 2.480360 1.681333
v 1.494469 2.143118 1.555313
v 1.660565 1.800376 1.369524
v 1.762846 1.465306 1.131104
v 1.797382 1.150784 0.849217
v 1.762846 0.868896 0.534694
v 1.660565 0.630477 0.199624
v 1.494469 0.444687 -0.143118
v 1.270941 0.318667 -0.480360
v 0.998572 0.257259 -0.799142
v 0.687828 0.262824 -1.087213
v 0.350652 0.335148 -1.333503
v 0.298205 3.288314 1.710041
v 0.584950 2.998571 1.825817
v 0.849216 2.670454 1.871428
v 1.080847 2.316572 1.845121
v 1.270941 1.950524 1.747907
v 1.412194 1.586377 1.583523
v 1.499177 1.238126 1.358284
v 1.528548 0.919153 1.080848
v 1.499177 0.641716 0.761874
v 1.412194 0.416478 0.413623
v 1.270941 0.252093 0.049476
v 1.080847 0.154879 -0.316572
v 0.849216 0.128572 -0.670455
v 0.584950 0.174183 -0.998572
v 0.298205 0.289959 -1.288314
v 0.234298 3.251228 1.747126
v 0.459592 2.925825 1.898563
v 0.667225 2.564843 1.977039
v 0.849216 2.182155 1.979538
v 0.998572 1.792466 1.905965
v 1.109554 1.410753 1.759147
v 1.177896 1.051684 1.544726
v 1.200972 0.729058 1.270942
v 1.177896 0.455274 0.948316
v 1.109554 0.240853 0.589247
v 0.998572 0.094035 0.207534
v 0.849216 0.020462 -0.182155
v 0.667224 0.022961 -0.564844
v 0.459592 0.101437 -0.925826
v 0.234298 0.252874 -1.251229
v 0.000000 0.471452 -1.528548
v 0.161388 3.223671 1.774684
v 0.316573 2.871770 1.952618
v 0.459592 2.486367 2.055515
v 0.584950 2.082274 2.079419
v 0.687828 1.675019 2.023413
v 0.764274 1.280252 1.889648
v 0.811349 0.913145 1.683264
v 0.827244 0.587805 1.412195
v 0.811349 0.316736 1.086855
v 0.764274 0.110352 0.719748
v 0.687828 -0.023413 0.324981
v 0.584950 -0.079419 -0.082274
v 0.459592 -0.055515 -0.486368
v 0.316573 0.047382 -0.871771
v 0.161387 0.225317 -1.223672
v 0.082275 3.206702 1.791653
v 0.161387 2.838483 1.985905
v 0.234298 2.438042 2.103840
v 0.298205 2.020768 2.140926
v 0.350652 1.602695 2.095737
v 0.389624 1.199890 1.970010
v 0.413622 0.827834 1.768576
v 0.421725 0.500822 1.499178
v 0.413622 0.231424 1.172167
v 0.389624 0.029991 0.800110
v 0.350652 -0.095737 0.397305
v 0.298205 -0.140926 -0.020768
v 0.234298 -0.103840 -0.438042
v 0.161387 0.014095 -0.838484
v 0.082275 0.208347 -1.206702
v -0.000000 3.200972 1.797383
v 0.000000 2.827244 1.997145
v 0.000000 2.421725 2.120157
v -0.000000 2.000000 2.161694
v -0.000000 1.578274 2.120157
v 0.000000 1.172755 1.997145
v -0.000000 0.799027 1.797383
v -0.000000 0.471452 1.528549
v -0.000000 0.202618 1.200973
v 0.000000 0.002856 0.827245
v -0.000000 -0.120157 0.421726
v -0.000000 -0.161694 0.000000
v -0.000000 -0.120157 -0.421725
v 0.000000 0.002855 -0.827244
v 0.000000 0.202617 -1.200972
v -0.082275 3.206702 1.791653
v -0.161387 2.838483 1.985905
v -0.234298 2.438042 2.103840
v -0.298205 2.020768 2.140925
v -0.350652 1.602695 2.095736
v -0.389623 1.199890 1.970010
v -0.413622 0.827834 1.768576
v -0.421726 0.500822 1.499178
v -0.413622 0.231424 1.172166
v -0.389623 0.029991 0.800110
v -0.350652 -0.095736 0.397305
v -0.298205 -0.140925 -0.020768
v -0.234298 -0.103840 -0.438043
v -0.161387 0.014095 -0.838484
v -0.082275 0.208347 -1.206702
v -0.161387 3.223671 1.774683
v -0.316573 2.871770 1.952618
v -0.459592 2.486367 2.055515
v -0.584950 2.082274 2.079419
v -0.687828 1.675019 2.023412
v -0.764274 1.280252 1.889648
v -0.811349 0.913146 1.683264
v -0.827244 0.587806 1.412195
v -0.811349 0.316736 1.086855
v -0.764274 0.110352 0.719748
v -0.687828 -0.023412 0.324981
v -0.584950 -0.079419 -0.082274
v -0.459592 -0.055515 -0.486368
v -0.316573 0.047382 -0.871771
v -0.161387 0.225317 -1.223672
v -0.234298 3.251228 1.747126
v -0.459592 2.925826 1.898563
v -0.667225 2.564843 1.977039
v -0.849216 2.182155 1.979538
v -0.998572 1.792467 1.905965
v -1.109554 1.410753 1.759147
v -1.177896 1.051685 1.544725
v -1.200973 0.729059 1.270942
v -1.177896 0.455275 0.948316
v -1.109554 0.240853 0.589247
v -0.998572 0.094035 0.207533
v -0.849216 0.020462 -0.182155
v -0.667224 0.022961 -0.564844
v -0.459592 0.101437 -0.925826
v -0.234298 0.252874 -1.251229
v -0.000000 3.528547 1.528549
v -0.298205 3.288314 1.710041
v -0.584950 2.998572 1.825817
v -0.849216 2.670454 1.871428
v -1.080847 2.316572 1.845121
v -1.270941 1.950525 1.747907
v -1.412194 1.586377 1.583523
v -1.499177 1.238127 1.358284
v -1.528548 0.919153 1.080847
v -1.499177 0.641717 0.761874
v -1.412194 0.416478 0.413623
v -1.270941 0.252093 0.049475
v -1.080847 0.154879 -0.316572
v -0.849216 0.128572 -0.670455
v -0.584950 0.174183 -0.998572
v -0.298205 0.289959 -1.288314
v -0.350652 3.333503 1.664852
v -0.687828 3.087213 1.737175
v -0.998572 2.799142 1.742741
v -1.270941 2.480360 1.681333
v -1.494468 2.143119 1.555313
v -1.660564 1.800376 1.369524
v -1.762845 1.465307 1.131103
v -1.797382 1.150784 0.849216
v -1.762845 0.868897 0.534693
v -1.660564 0.630477 0.199624
v -1.494468 0.444687 -0.143119
v -1.270941 0.318667 -0.480360
v -0.998572 0.257259 -0.799142
v -0.687828 0.262825 -1.087213
v -0.350652 0.335148 -1.333503
v -0.389624 3.385059 1.613296
v -0.764274 3.188343 1.636045
v -1.109554 2.945960 1.595922
v -1.412194 2.667224 1.494469
v -1.660564 2.362848 1.335584
v -1.845120 2.044526 1.125374
v -1.958769 1.724495 0.871915
v -1.997144 1.415050 0.584950
v -1.958769 1.128085 0.275506
v -1.845120 0.874626 -0.044526
v -1.660564 0.664416 -0.362847
v -1.412194 0.505531 -0.667224
v -1.109554 0.404078 -0.945960
v -0.764274 0.363955 -1.188343
v -0.389623 0.386704 -1.385059
v -0.413622 3.441000 1.557355
v -0.811349 3.298076 1.526313
v -1.177896 3.105267 1.436615
v -1.499177 2.869984 1.291710
v -1.762845 2.601267 1.097164
v -1.958769 2.309444 0.860456
v -2.079418 2.005730 0.590680
v -2.120157 1.701795 0.298205
v -2.079418 1.409320 -0.005730
v -1.958769 1.139544 -0.309444
v -1.762845 0.902836 -0.601267
v -1.499177 0.708290 -0.869984
v -1.177896 0.563385 -1.105267
v -0.811349 0.473687 -1.298076
v -0.413622 0.442645 -1.441000
v -0.421726 3.499177 1.499178
v -0.827244 3.412194 1.412195
v -1.200972 3.270941 1.270942
v -1.528548 3.080846 1.080847
v -1.797381 2.849216 0.849216
v -1.997144 2.584949 0.584950
v -2.120156 2.298205 0.298205
v -2.161693 2.000000 0.000000
v -2.120156 1.701795 -0.298205
v -1.997144 1.415050 -0.584949
v -1.797381 1.150784 -0.849215
v -1.528548 0.919153 -1.080846
v -1.200972 0.729058 -1.270941
v -0.827244 0.587805 -1.412194
v -0.421725 0.500822 -1.499177
v -0.413622 3.557354 1.441001
v -0.811349 3.526312 1.298077
v -1.177896 3.436615 1.105268
v -1.499177 3.291709 0.869984
v -1.762845 3.097164 0.601268
v -1.958769 2.860455 0.309445
v -2.079417 2.590680 0.005730
v -2.120156 2.298205 -0.298205
v -2.079417 1.994270 -0.590679
v -1.958769 1.690555 -0.860455
v -1.762845 1.398732 -1.097164
v -1.499177 1.130016 -1.291709
v -1.177896 0.894732 -1.436615
v -0.811348 0.701923 -1.526312
v -0.413622 0.558999 -1.557354
v -0.389624 3.613295 1.385060
v -0.764274 3.636045 1.188344
v -1.109554 3.595922 0.945961
v -1.412194 3.494468 0.667225
v -1.660563 3.335583 0.362848
v -1.845120 3.125373 0.044527
v -1.958768 2.871915 -0.275505
v -1.997143 2.584950 -0.584950
v -1.958768 2.275505 -0.871915
v -1.845120 1.955473 -1.125373
v -1.660563 1.637152 -1.335583
v -1.412194 1.332775 -1.494468
v -1.109553 1.054039 -1.595922
v -0.764274 0.811656 -1.636045
v -0.389623 0.614940 -1.613295
v -0.350652 3.664851 1.333504
v -0.687828 3.737175 1.087214
v -0.998572 3.742740 0.799143
v -1.270941 3.681333 0.480361
v -1.494467 3.555312 0.143119
v -1.660564 3.369523 -0.199623
v -1.762845 3.131103 -0.534693
v -1.797381 2.849216 -0.849215
v -1.762845 2.534693 -1.131102
v -1.660564 2.199623 -1.369522
v -1.494467 1.856881 -1.555312
v -1.270941 1.519639 -1.681333
v -0.998571 1.200857 -1.742740
v -0.687828 0.912786 -1.737175
v -0.350652 0.666496 -1.664851
v -0.298205 3.710040 1.288315
v -0.584950 3.825816 0.998573
v -0.849215 3.871427 0.670455
v -1.080846 3.845120 0.316573
v -1.270940 3.747906 -0.049475
v -1.412194 3.583521 -0.413622
v -1.499176 3.358283 -0.761873
v -1.528547 3.080846 -1.080846
v -1.499176 2.761873 -1.358282
v -1.412194 2.413622 -1.583521
v -1.270940 2.049475 -1.747906
v -1.080846 1.683427 -1.845120
v -0.849215 1.329544 -1.871427
v -0.584950 1.001427 -1.825816
v -0.298205 0.711685 -1.710040
v -0.234298 3.747125 1.251229
v -0.459592 3.898562 0.925827
v -0.667224 3.977038 0.564845
v -0.849215 3.979537 0.182156
v -0.998571 3.905964 -0.207532
v -1.109554 3.759146 -0.589246
v -1.177895 3.544724 -0.948314
v -1.200971 3.270941 -1.270940
v -1.177895 2.948315 -1.544724
v -1.109554 2.589246 -1.759146
v -0.998571 2.207532 -1.905964
v -0.849215 1.817844 -1.979537
v -0.667224 1.435155 -1.977038
v -0.459592 1.074173 -1.898562
v -0.234298 0.748770 -1.747125
v -0.161387 3.774683 1.223672
v -0.316572 3.952617 0.871771
v -0.459592 4.055513 0.486369
v -0.584950 4.079418 0.082275
v -0.687827 4.023411 -0.324980
v -0.764274 3.889647 -0.719747
v -0.811348 3.683263 -1.086853
v -0.827243 3.412193 -1.412193
v -0.811348 3.086853 -1.683263
v -0.764274 2.719747 -1.889646
v -0.687827 2.324980 -2.023411
v -0.584950 1.917725 -2.079418
v -0.459592 1.513631 -2.055513
v -0.316572 1.128228 -1.952617
v -0.161387 0.776327 -1.774682
v -0.082275 3.791652 1.206703
v -0.161387 3.985904 0.838484
v -0.234298 4.103839 0.438044
v -0.298205 4.140924 0.020769
v -0.350651 4.095735 -0.397304
v -0.389623 3.970008 -0.800109
v -0.413621 3.768575 -1.172165
v -0.421725 3.499177 -1.499176
v -0.413621 3.172165 -1.768574
v -0.389623 2.800109 -1.970008
v -0.350651 2.397304 -2.095735
v -0.298205 1.979231 -2.140924
v -0.234298 1.561956 -2.103839
v -0.161387 1.161515 -1.985904
v -0.082274 0.793297 -1.791652
v 0.000000 2.827244 -1.997143
v 0.000001 2.421724 -2.120156
v 0.000000 1.999999 -2.161693
v 0.000000 1.172755 -1.997144
v 0.000000 0.799027 -1.797382
v 0.000000 3.419356 -1.618159
v 0.000000 3.310164 -1.707771
v 0.419024 3.390174 -1.588977
v 0.416323 3.281170 -1.678776
v 0.821946 3.303748 -1.502551
v 0.816648 3.195301 -1.592907
v 1.193281 3.163399 -1.362202
v 1.185588 3.055857 -1.453464
v 1.518758 2.974522 -1.173325
v 1.508968 2.868198 -1.265804
v 1.785871 2.744375 -0.943178
v 1.774358 2.639534 -1.037140
v 1.984353 2.481802 -0.680605
v 1.971561 2.378653 -0.776259
v 2.106578 2.196893 -0.395696
v 2.092998 2.095581 -0.493188
v 2.147848 1.900598 -0.099401
v 2.134002 1.801196 -0.198803
v 2.106578 1.604303 0.196894
v 2.092998 1.506811 0.095582
v 1.984353 1.319394 0.481803
v 1.971561 1.223739 0.378654
v 1.785870 1.056821 0.744376
v 1.774358 0.962859 0.639535
v 1.518758 0.826674 0.974523
v 1.508967 0.734195 0.868199
v 1.193280 0.637797 1.163400
v 1.185588 0.546536 1.055858
v 0.821946 0.497449 1.303748
v 0.816647 0.407092 1.195302
v 0.419024 0.411023 1.390174
v 0.416323 0.321223 1.281171
v -0.000000 0.381840 1.419357
v -0.000000 0.292229 1.310165
v -0.419024 0.411023 1.390174
v -0.416323 0.321223 1.281170
v -0.821946 0.497449 1.303748
v -0.816647 0.407093 1.195301
v -1.193280 0.637797 1.163400
v -1.185588 0.546536 1.055858
v -1.518758 0.826674 0.974523
v -1.508967 0.734196 0.868198
v -1.785870 1.056822 0.744375
v -1.774358 0.962860 0.639534
v -1.984352 1.319395 0.481802
v -1.971561 1.223740 0.378654
v -2.106577 1.604303 0.196894
v -2.092997 1.506812 0.095582
v -2.147847 1.900598 -0.099401
v -2.134001 1.801197 -0.198803
v -2.106577 2.196893 -0.395696
v -2.092997 2.095582 -0.493188
v -1.984352 2.481802 -0.680605
v -1.971560 2.378653 -0.776260
v -1.785869 2.744375 -0.943178
v -1.774357 2.639534 -1.037140
v -1.518757 2.974522 -1.173325
v -1.508966 2.868197 -1.265803
v -1.193279 3.163399 -1.362202
v -1.185587 3.055857 -1.453463
v -0.821945 3.303747 -1.502550
v -0.816646 3.195300 -1.592906
v -0.419024 3.390172 -1.588976
v -0.416322 3.281169 -1.678775
v 1.185588 0.546536 1.055858
v 0.816647 0.407092 1.195302
v 0.000000 3.419356 -1.618159
v 0.000000 3.310164 -1.707771
v 0.419024 3.390174 -1.588977
v 0.416323 3.281170 -1.678776
v 0.821946 3.303748 -1.502551
v 0.816648 3.195301 -1.592907
v 1.193281 3.163399 -1.362202
v 1.185588 3.055857 -1.453464
v 1.518758 2.974522 -1.173325
v 1.508968 2.868198 -1.265804
v 1.785871 2.744375 -0.943178
v 1.774358 2.639534 -1.037140
v 1.984353 2.481802 -0.680605
v 1.971561 2.378653 -0.776259
v 2.106578 2.196893 -0.395696
v 2.092998 2.095581 -0.493188
v 2.147848 1.900598 -0.099401
v 2.134002 1.801196 -0.198803
v 2.106578 1.604303 0.196894
v 2.092998 1.506811 0.095582
v 1.984353 1.319394 0.481803
v 1.971561 1.223739 0.378654
v 1.785870 1.056821 0.744376
v 1.774358 0.962859 0.639535
v 1.518758 0.826674 0.974523
v 1.508967 0.734195 0.868199
v 1.193280 0.637797 1.163400
v 1.185588 0.546536 1.055858
v 0.821946 0.497449 1.303748
v 0.816647 0.407092 1.195302
v 0.419024 0.411023 1.390174
v 0.416323 0.321223 1.281171
v -0.000000 0.381840 1.419357
v -0.000000 0.292229 1.310165
v -0.419024 0.411023 1.390174
v -0.416323 0.321223 1.281170
v -0.821946 0.497449 1.303748
v -0.816647 0.407093 1.195301
v -1.193280 0.637797 1.163400
v -1.185588 0.546536 1.055858
v -1.518758 0.826674 0.974523
v -1.508967 0.734196 0.868198
v -1.785870 1.056822 0.744375
v -1.774358 0.962860 0.639534
v -1.984352 1.319395 0.481802
v -1.971561 1.223740 0.378654
v -2.106577 1.604303 0.196894
v -2.092997 1.506812 0.095582
v -2.147847 1.900598 -0.099401
v -2.134001 1.801197 -0.198803
v -2.106577 2.196893 -0.395696
v -2.092997 2.095582 -0.493188
v -1.984352 2.481802 -0.680605
v -1.971560 2.378653 -0.776260
v -1.785869 2.744375 -0.943178
v -1.774357 2.639534 -1.037140
v -1.518757 2.974522 -1.173325
v -1.508966 2.868197 -1.265803
v -1.193279 3.163399 -1.362202
v -1.185587 3.055857 -1.453463
v -0.821945 3.303747 -1.502550
v -0.816646 3.195300 -1.592906
v -0.419024 3.390172 -1.588976
v -0.416322 3.281169 -1.678775
v 0.000000 3.406997 -1.630518
v 0.000000 3.322524 -1.695412
v 0.314827 3.377815 -1.601336
v 0.312797 3.293529 -1.666417
v 0.617555 3.291389 -1.514910
v 0.613574 3.207660 -1.580548
v 0.896551 3.151040 -1.374561
v 0.890772 3.068216 -1.441105
v 1.141093 2.962163 -1.185684
v 1.133737 2.880557 -1.253445
v 1.341784 2.732016 -0.955537
v 1.333134 2.651893 -1.024781
v 1.490910 2.469443 -0.692963
v 1.481299 2.391012 -0.763900
v 1.582741 2.184534 -0.408055
v 1.572539 2.107940 -0.480829
v 1.613749 1.888239 -0.111760
v 1.603346 1.813555 -0.186444
v 1.582741 1.591944 0.184535
v 1.572539 1.519170 0.107941
v 1.490910 1.307036 0.469444
v 1.481299 1.236099 0.391013
v 1.341783 1.044462 0.732017
v 1.333134 0.975218 0.651894
v 1.141093 0.814315 0.962164
v 1.133737 0.746554 0.880558
v 0.896551 0.625438 1.151041
v 0.890771 0.558895 1.068217
v 0.617555 0.485090 1.291389
v 0.613574 0.419451 1.207661
v 0.314827 0.398664 1.377815
v 0.312797 0.333582 1.293530
v -0.000000 0.369481 1.406998
v -0.000000 0.304588 1.322524
v -0.314827 0.398664 1.377815
v -0.312797 0.333582 1.293529
v -0.617555 0.485090 1.291389
v -0.613574 0.419451 1.207660
v -0.896551 0.625438 1.151041
v -0.890771 0.558895 1.068217
v -1.141093 0.814316 0.962164
v -1.133737 0.746555 0.880557
v -1.341783 1.044463 0.732016
v -1.333133 0.975219 0.651893
v -1.490909 1.307036 0.469443
v -1.481298 1.236099 0.391013
v -1.582741 1.591944 0.184535
v -1.572538 1.519171 0.107941
v -1.613748 1.888239 -0.111760
v -1.603346 1.813556 -0.186444
v -1.582740 2.184534 -0.408055
v -1.572538 2.107941 -0.480829
v -1.490909 2.469443 -0.692963
v -1.481298 2.391012 -0.763901
v -1.341782 2.732016 -0.955537
v -1.333133 2.651893 -1.024781
v -1.141092 2.962163 -1.185684
v -1.133736 2.880556 -1.253444
v -0.896550 3.151040 -1.374560
v -0.890771 3.068216 -1.441104
v -0.617554 3.291388 -1.514909
v -0.613573 3.207659 -1.580547
v -0.314826 3.377814 -1.601334
v -0.312797 3.293528 -1.666416
v 0.000000 4.147848 -0.140575
v 0.000000 4.134003 -0.281150
v 0.315687 4.125862 -0.118589
v 0.333170 4.110799 -0.257947
v 0.619243 4.060750 -0.053477
v 0.653536 4.042081 -0.189229
v 0.899001 3.955013 0.052259
v 0.948787 3.930489 -0.077637
v 1.144212 3.812716 0.194557
v 1.207577 3.780311 0.072541
v 1.345451 3.639326 0.367947
v 1.419960 3.597319 0.255533
v 1.494985 3.441507 0.565766
v 1.577775 3.388545 0.464307
v 1.587067 3.226861 0.780412
v 1.674957 3.162012 0.690840
v 1.618160 3.003636 1.003637
v 1.707771 2.926425 0.926426
v 1.587067 2.780411 1.226861
v 1.674957 2.690839 1.162013
v 1.494985 2.565765 1.441508
v 1.577775 2.464306 1.388546
v 1.345451 2.367946 1.639327
v 1.419960 2.255532 1.597320
v 1.144211 2.194556 1.812717
v 1.207576 2.072540 1.780312
v 0.899001 2.052259 1.955014
v 0.948787 1.922363 1.930490
v 0.619243 1.946522 2.060750
v 0.653535 1.810771 2.042082
v 0.315687 1.881410 2.125863
v 0.333169 1.742053 2.110800
v -0.000000 1.859425 2.147848
v -0.000000 1.718849 2.134002
v -0.315687 1.881410 2.125863
v -0.333170 1.742053 2.110799
v -0.619243 1.946522 2.060750
v -0.653536 1.810771 2.042081
v -0.899001 2.052259 1.955014
v -0.948786 1.922363 1.930489
v -1.144211 2.194556 1.812716
v -1.207576 2.072541 1.780311
v -1.345450 2.367946 1.639326
v -1.419959 2.255532 1.597320
v -1.494984 2.565765 1.441507
v -1.577774 2.464306 1.388546
v -1.587067 2.780411 1.226861
v -1.674956 2.690839 1.162013
v -1.618159 3.003636 1.003637
v -1.707770 2.926426 0.926426
v -1.587066 3.226861 0.780412
v -1.674956 3.162012 0.690840
v -1.494984 3.441507 0.565766
v -1.577774 3.388545 0.464307
v -1.345450 3.639326 0.367947
v -1.419959 3.597319 0.255533
v -1.144211 3.812716 0.194557
v -1.207575 3.780311 0.072541
v -0.899001 3.955013 0.052260
v -0.948786 3.930488 -0.077636
v -0.619242 4.060749 -0.053477
v -0.653535 4.042080 -0.189228
v -0.315687 4.125861 -0.118589
v -0.333169 4.110798 -0.257946
v 0.000000 4.147848 -0.140575
v 0.000000 4.134003 -0.281150
v 0.315687 4.125862 -0.118589
v 0.333170 4.110799 -0.257947
v 0.619243 4.060750 -0.053477
v 0.653536 4.042081 -0.189229
v 0.899001 3.955013 0.052259
v 0.948787 3.930489 -0.077637
v 1.144212 3.812716 0.194557
v 1.207577 3.780311 0.072541
v 1.345451 3.639326 0.367947
v 1.419960 3.597319 0.255533
v 1.494985 3.441507 0.565766
v 1.577775 3.388545 0.464307
v 1.587067 3.226861 0.780412
v 1.674957 3.162012 0.690840
v 1.618160 3.003636 1.003637
v 1.707771 2.926425 0.926426
v 1.587067 2.780411 1.226861
v 1.674957 2.690839 1.162013
v 1.494985 2.565765 1.441508
v 1.577775 2.464306 1.388546
v 1.345451 2.367946 1.639327
v 1.419960 2.255532 1.597320
v 1.144211 2.194556 1.812717
v 1.207576 2.072540 1.780312
v 0.899001 2.052259 1.955014
v 0.948787 1.922363 1.930490
v 0.619243 1.946522 2.060750
v 0.653535 1.810771 2.042082
v 0.315687 1.881410 2.125863
v 0.333169 1.742053 2.110800
v -0.000000 1.859425 2.147848
v -0.000000 1.718849 2.134002
v -0.315687 1.881410 2.125863
v -0.333170 1.742053 2.110799
v -0.619243 1.946522 2.060750
v -0.653536 1.810771 2.042081
v -0.899001 2.052259 1.955014
v -0.948786 1.922363 1.930489
v -1.144211 2.194556 1.812716
v -1.207576 2.072541 1.780311
v -1.345450 2.367946 1.639326
v -1.419959 2.255532 1.597320
v -1.494984 2.565765 1.441507
v -1.577774 2.464306 1.388546
v -1.587067 2.780411 1.226861
v -1.674956 2.690839 1.162013
v -1.618159 3.003636 1.003637
v -1.707770 2.926426 0.926426
v -1.587066 3.226861 0.780412
v -1.674956 3.162012 0.690840
v -1.494984 3.441507 0.565766
v -1.577774 3.388545 0.464307
v -1.345450 3.639326 0.367947
v -1.419959 3.597319 0.255533
v -1.144211 3.812716 0.194557
v -1.207575 3.780311 0.072541
v -0.899001 3.955013 0.052260
v -0.948786 3.930488 -0.077636
v -0.619242 4.060749 -0.053477
v -0.653535 4.042080 -0.189228
v -0.315687 4.125861 -0.118589
v -0.333169 4.110798 -0.257946
v 0.000000 3.988668 0.018604
v 0.000000 3.966008 -0.113156
v 0.271770 3.969741 0.037531
v 0.286820 3.946033 -0.093181
v 0.533096 3.913687 0.093585
v 0.562618 3.886874 -0.034022
v 0.773935 3.822660 0.184612
v 0.816795 3.790807 0.062045
v 0.985033 3.700159 0.307114
v 1.039582 3.661521 0.191331
v 1.158276 3.550891 0.456382
v 1.222419 3.503986 0.348866
v 1.287007 3.380591 0.626681
v 1.358280 3.324256 0.528596
v 1.366279 3.195806 0.811467
v 1.441942 3.129238 0.723614
v 1.393046 3.003636 1.003637
v 1.470191 2.926425 0.926426
v 1.366279 2.811466 1.195807
v 1.441942 2.723613 1.129239
v 1.287007 2.626680 1.380592
v 1.358279 2.528595 1.324257
v 1.158275 2.456381 1.550891
v 1.222419 2.348865 1.503987
v 0.985032 2.307113 1.700160
v 1.039582 2.191330 1.661522
v 0.773935 2.184612 1.822661
v 0.816794 2.062045 1.790807
v 0.533095 2.093585 1.913688
v 0.562618 1.965977 1.886875
v 0.271770 2.037531 1.969742
v 0.286820 1.906819 1.946033
v -0.000000 2.018604 1.988669
v -0.000000 1.886844 1.966008
v -0.271770 2.037531 1.969742
v -0.286820 1.906819 1.946033
v -0.533096 2.093585 1.913688
v -0.562618 1.965977 1.886875
v -0.773935 2.184612 1.822661
v -0.816794 2.062045 1.790807
v -0.985032 2.307113 1.700159
v -1.039582 2.191330 1.661521
v -1.158275 2.456382 1.550891
v -1.222419 2.348865 1.503987
v -1.287006 2.626681 1.380592
v -1.358279 2.528595 1.324257
v -1.366279 2.811466 1.195807
v -1.441941 2.723613 1.129239
v -1.393045 3.003636 1.003637
v -1.470190 2.926426 0.926426
v -1.366278 3.195806 0.811466
v -1.441941 3.129238 0.723614
v -1.287006 3.380591 0.626681
v -1.358278 3.324256 0.528596
v -1.158275 3.550890 0.456382
v -1.222418 3.503986 0.348866
v -0.985031 3.700159 0.307114
v -1.039581 3.661521 0.191331
v -0.773934 3.822660 0.184613
v -0.816793 3.790806 0.062046
v -0.533095 3.913687 0.093586
v -0.562617 3.886874 -0.034022
v -0.271769 3.969741 0.037532
v -0.286819 3.946032 -0.093180
v 0.276903 1.840140 -2.128563
v 0.255600 1.701049 -2.116201
v 0.543164 1.783027 -2.071450
v 0.501378 1.648329 -2.063482
v 0.788552 1.690281 -1.978704
v 0.727889 1.562719 -1.977871
v 1.003637 1.565466 -1.853889
v 0.926426 1.447505 -1.862658
v 1.180152 1.413379 -1.701802
v 1.089362 1.307118 -1.722271
v 1.311314 1.239863 -1.528286
v 1.210434 1.146951 -1.562104
v 1.392084 1.051588 -1.340011
v 1.284990 0.973160 -1.388313
v 1.419356 0.855788 -1.144211
v 1.310164 0.792423 -1.207576
v 1.392084 0.659988 -0.948411
v 1.284990 0.611686 -1.026839
v 1.311314 0.471713 -0.760136
v 1.210434 0.437895 -0.853048
v 1.180152 0.298198 -0.586621
v 1.089362 0.277728 -0.692881
v 1.003636 0.146110 -0.434533
v 0.926426 0.137341 -0.552494
v 0.788552 0.021295 -0.309718
v 0.727888 0.022128 -0.437281
v 0.543164 -0.071451 -0.216972
v 0.501378 -0.063483 -0.351670
v 0.276903 -0.128564 -0.159859
v 0.255600 -0.116202 -0.298951
v -0.000000 -0.147848 -0.140575
v -0.000000 -0.134003 -0.281150
v -0.276903 -0.128564 -0.159859
v -0.255600 -0.116202 -0.298951
v -0.543164 -0.071451 -0.216972
v -0.501378 -0.063483 -0.351670
v -0.788552 0.021295 -0.309718
v -0.727888 0.022128 -0.437281
v -1.003636 0.146110 -0.434533
v -0.926426 0.137341 -0.552494
v -1.180151 0.298198 -0.586621
v -1.089362 0.277729 -0.692881
v -1.311314 0.471713 -0.760136
v -1.210434 0.437895 -0.853048
v -1.392083 0.659988 -0.948411
v -1.284990 0.611686 -1.026839
v -1.419356 0.855788 -1.144211
v -1.310164 0.792423 -1.207576
v -1.392083 1.051588 -1.340011
v -1.284989 0.973160 -1.388313
v -1.311314 1.239863 -1.528286
v -1.210433 1.146951 -1.562104
v -1.180151 1.413378 -1.701802
v -1.089361 1.307118 -1.722271
v -1.003636 1.565466 -1.853889
v -0.926426 1.447505 -1.862658
v -0.788552 1.690281 -1.978704
v -0.727888 1.562718 -1.977871
v -0.543164 1.783027 -2.071450
v -0.501378 1.648329 -2.063482
v -0.276902 1.840140 -2.128563
v -0.255600 1.701048 -2.116201
v 0.000000 1.859424 -2.147847
v 0.000000 1.718849 -2.134002
v 0.221522 1.636933 -1.938029
v 0.204480 1.525660 -1.928140
v 0.434531 1.591243 -1.892339
v 0.401103 1.483485 -1.885964
v 0.630842 1.517046 -1.818142
v 0.582311 1.414996 -1.817476
v 0.802909 1.417194 -1.718290
v 0.741141 1.322826 -1.725305
v 0.944122 1.295524 -1.596620
v 0.871490 1.210515 -1.612995
v 1.049052 1.156712 -1.457808
v 0.968347 1.082382 -1.484862
v 1.113667 1.006091 -1.307187
v 1.027992 0.943349 -1.345829
v 1.135485 0.849452 -1.150548
v 1.048132 0.798760 -1.201239
v 1.113667 0.692812 -0.993908
v 1.027992 0.654170 -1.056650
v 1.049051 0.542192 -0.843287
v 0.968347 0.515137 -0.917617
v 0.944121 0.403379 -0.704475
v 0.871489 0.387004 -0.789484
v 0.802909 0.281709 -0.582805
v 0.741141 0.274694 -0.677174
v 0.630842 0.181857 -0.482953
v 0.582311 0.182523 -0.585003
v 0.434531 0.107660 -0.408756
v 0.401102 0.114035 -0.516514
v 0.221522 0.061970 -0.363066
v 0.204480 0.071860 -0.474339
v -0.000000 0.046543 -0.347638
v 0.000000 0.057619 -0.460099
v -0.221522 0.061970 -0.363066
v -0.204480 0.071860 -0.474339
v -0.434531 0.107660 -0.408756
v -0.401102 0.114035 -0.516515
v -0.630841 0.181857 -0.482953
v -0.582310 0.182524 -0.585003
v -0.802909 0.281709 -0.582805
v -0.741141 0.274694 -0.677174
v -0.944121 0.403379 -0.704475
v -0.871489 0.387004 -0.789484
v -1.049051 0.542192 -0.843288
v -0.968347 0.515138 -0.917617
v -1.113667 0.692812 -0.993908
v -1.027992 0.654170 -1.056650
v -1.135485 0.849452 -1.150548
v -1.048131 0.798760 -1.201239
v -1.113666 1.006091 -1.307187
v -1.027991 0.943349 -1.345829
v -1.049051 1.156712 -1.457808
v -0.968347 1.082382 -1.484862
v -0.944121 1.295524 -1.596620
v -0.871489 1.210515 -1.612995
v -0.802909 1.417194 -1.718290
v -0.741140 1.322825 -1.725305
v -0.630841 1.517046 -1.818142
v -0.582310 1.414996 -1.817475
v -0.434531 1.591243 -1.892339
v -0.401102 1.483484 -1.885964
v -0.221522 1.636933 -1.938029
v -0.204480 1.525659 -1.928139
v 0.000000 1.652361 -1.953457
v 0.000000 1.539901 -1.942380
s off
f 480 869 931
f 5 16 6
f 10 24 481
f 6 17 7
f 481 25 482
f 7 18 8
f 1 297 11
f 206 482 25
f 8 485 483
f 1 12 2
f 9 20 478
f 3 12 13
f 478 21 479
f 3 14 4
f 479 22 480
f 4 679 677
f 22 36 37
f 14 681 679
f 22 871 869
f 15 31 16
f 23 39 24
f 16 32 17
f 24 40 25
f 17 33 18
f 11 297 26
f 206 25 40
f 18 487 485
f 11 27 12
f 20 34 35
f 12 28 13
f 20 36 21
f 13 29 14
f 26 297 41
f 206 40 55
f 33 489 487
f 26 42 27
f 34 50 35
f 27 43 28
f 36 50 51
f 28 44 29
f 37 51 52
f 681 44 683
f 37 873 871
f 30 46 31
f 38 54 39
f 32 46 47
f 39 55 40
f 32 48 33
f 44 685 683
f 52 875 873
f 45 61 46
f 53 69 54
f 46 62 47
f 54 70 55
f 48 62 63
f 41 297 56
f 206 55 70
f 48 491 489
f 41 57 42
f 49 65 50
f 42 58 43
f 51 65 66
f 43 59 44
f 51 67 52
f 63 493 491
f 56 72 57
f 64 80 65
f 57 73 58
f 66 80 81
f 58 74 59
f 66 82 67
f 59 687 685
f 875 82 877
f 60 76 61
f 69 83 84
f 61 77 62
f 69 85 70
f 63 77 78
f 56 297 71
f 206 70 85
f 82 879 877
f 75 91 76
f 84 98 99
f 77 91 92
f 84 100 85
f 77 93 78
f 71 297 86
f 206 85 100
f 493 93 495
f 71 87 72
f 79 95 80
f 72 88 73
f 81 95 96
f 73 89 74
f 82 96 97
f 74 689 687
f 94 110 95
f 87 103 88
f 96 110 111
f 89 103 104
f 97 111 112
f 689 104 691
f 97 881 879
f 90 106 91
f 98 114 99
f 92 106 107
f 100 114 115
f 92 108 93
f 86 297 101
f 206 100 115
f 495 108 497
f 86 102 87
f 114 128 129
f 107 121 122
f 115 129 130
f 107 123 108
f 101 297 116
f 206 115 130
f 108 499 497
f 101 117 102
f 109 125 110
f 102 118 103
f 111 125 126
f 103 119 104
f 111 127 112
f 104 693 691
f 112 883 881
f 105 121 106
f 117 133 118
f 126 140 141
f 118 134 119
f 126 142 127
f 693 134 695
f 127 885 883
f 120 136 121
f 128 144 129
f 122 136 137
f 130 144 145
f 122 138 123
f 116 297 131
f 206 130 145
f 499 138 501
f 117 131 132
f 124 140 125
f 137 151 152
f 144 160 145
f 137 153 138
f 131 297 146
f 206 145 160
f 501 153 503
f 131 147 132
f 139 155 140
f 133 147 148
f 141 155 156
f 133 149 134
f 141 157 142
f 134 697 695
f 142 887 885
f 135 151 136
f 144 158 159
f 156 170 171
f 148 164 149
f 156 172 157
f 697 164 699
f 887 172 889
f 150 166 151
f 158 174 159
f 152 166 167
f 159 175 160
f 152 168 153
f 146 297 161
f 206 160 175
f 153 505 503
f 146 162 147
f 154 170 155
f 147 163 148
f 175 189 190
f 167 183 168
f 161 297 176
f 206 175 190
f 168 507 505
f 161 177 162
f 169 185 170
f 162 178 163
f 170 186 171
f 163 179 164
f 171 187 172
f 699 179 701
f 889 187 891
f 165 181 166
f 173 189 174
f 167 181 182
f 179 193 194
f 186 202 187
f 701 194 703
f 187 893 891
f 180 196 181
f 188 204 189
f 182 196 197
f 190 204 205
f 182 198 183
f 176 297 191
f 206 190 205
f 183 509 507
f 176 192 177
f 184 200 185
f 177 193 178
f 186 200 201
f 197 214 198
f 191 297 207
f 206 205 221
f 198 511 509
f 191 208 192
f 199 216 200
f 193 208 209
f 201 216 217
f 193 210 194
f 201 218 202
f 703 210 705
f 893 218 895
f 195 212 196
f 203 220 204
f 197 212 213
f 204 221 205
f 217 233 218
f 210 707 705
f 218 897 895
f 211 227 212
f 219 235 220
f 213 227 228
f 221 235 236
f 213 229 214
f 207 297 222
f 206 221 236
f 511 229 513
f 207 223 208
f 215 231 216
f 208 224 209
f 217 231 232
f 209 225 210
f 206 236 251
f 229 515 513
f 222 238 223
f 230 246 231
f 224 238 239
f 232 246 247
f 225 239 240
f 232 248 233
f 225 709 707
f 233 899 897
f 226 242 227
f 234 250 235
f 228 242 243
f 236 250 251
f 228 244 229
f 222 297 237
f 248 901 899
f 241 257 242
f 249 265 250
f 243 257 258
f 250 266 251
f 243 259 244
f 237 297 252
f 206 251 266
f 244 517 515
f 237 253 238
f 245 261 246
f 238 254 239
f 247 261 262
f 240 254 255
f 247 263 248
f 709 255 711
f 252 268 253
f 260 276 261
f 253 269 254
f 262 276 277
f 255 269 270
f 262 278 263
f 255 713 711
f 263 903 901
f 256 272 257
f 265 279 280
f 258 272 273
f 266 280 281
f 258 274 259
f 252 297 267
f 206 266 281
f 259 519 517
f 271 287 272
f 279 295 280
f 273 287 288
f 281 295 296
f 273 289 274
f 267 297 282
f 206 281 296
f 274 521 519
f 267 283 268
f 275 291 276
f 268 284 269
f 277 291 292
f 269 285 270
f 277 293 278
f 713 285 715
f 278 905 903
f 290 307 291
f 283 300 284
f 292 307 308
f 285 300 301
f 292 309 293
f 285 717 715
f 293 907 905
f 286 303 287
f 294 311 295
f 288 303 304
f 295 312 296
f 289 304 305
f 282 297 298
f 206 296 312
f 289 523 521
f 282 299 283
f 311 325 326
f 304 318 319
f 311 327 312
f 304 320 305
f 298 297 313
f 206 312 327
f 305 525 523
f 298 314 299
f 306 322 307
f 299 315 300
f 308 322 323
f 301 315 316
f 308 324 309
f 717 316 719
f 907 324 909
f 302 318 303
f 314 330 315
f 323 337 338
f 316 330 331
f 324 338 339
f 316 721 719
f 324 911 909
f 317 333 318
f 326 340 341
f 319 333 334
f 327 341 342
f 319 335 320
f 313 297 328
f 206 327 342
f 320 527 525
f 313 329 314
f 321 337 322
f 334 348 349
f 341 357 342
f 334 350 335
f 328 297 343
f 206 342 357
f 527 350 529
f 329 343 344
f 336 352 337
f 329 345 330
f 338 352 353
f 331 345 346
f 338 354 339
f 331 723 721
f 339 913 911
f 332 348 333
f 341 355 356
f 353 367 368
f 346 360 361
f 353 369 354
f 346 725 723
f 354 915 913
f 347 363 348
f 356 370 371
f 349 363 364
f 356 372 357
f 349 365 350
f 343 297 358
f 206 357 372
f 529 365 531
f 344 358 359
f 351 367 352
f 344 360 345
f 371 387 372
f 364 380 365
f 358 297 373
f 206 372 387
f 531 380 533
f 359 373 374
f 366 382 367
f 359 375 360
f 368 382 383
f 361 375 376
f 368 384 369
f 361 727 725
f 369 917 915
f 362 378 363
f 371 385 386
f 364 378 379
f 383 399 384
f 376 729 727
f 917 399 919
f 377 393 378
f 386 400 401
f 379 393 394
f 386 402 387
f 379 395 380
f 373 297 388
f 206 387 402
f 380 535 533
f 373 389 374
f 381 397 382
f 374 390 375
f 383 397 398
f 376 390 391
f 388 297 403
f 206 402 417
f 395 537 535
f 388 404 389
f 396 412 397
f 390 404 405
f 398 412 413
f 391 405 406
f 398 414 399
f 729 406 731
f 399 921 919
f 392 408 393
f 401 415 416
f 394 408 409
f 401 417 402
f 394 410 395
f 731 421 733
f 414 923 921
f 407 423 408
f 415 431 416
f 409 423 424
f 416 432 417
f 409 425 410
f 403 297 418
f 206 417 432
f 410 539 537
f 403 419 404
f 411 427 412
f 404 420 405
f 413 427 428
f 405 421 406
f 413 429 414
f 539 440 541
f 418 434 419
f 426 442 427
f 419 435 420
f 428 442 443
f 420 436 421
f 428 444 429
f 733 436 735
f 923 444 925
f 422 438 423
f 430 446 431
f 424 438 439
f 431 447 432
f 425 439 440
f 418 297 433
f 206 432 447
f 444 927 925
f 437 453 438
f 445 461 446
f 439 453 454
f 446 462 447
f 439 455 440
f 433 297 448
f 206 447 462
f 440 543 541
f 434 448 449
f 441 457 442
f 435 449 450
f 443 457 458
f 436 450 451
f 443 459 444
f 735 451 737
f 448 464 449
f 456 472 457
f 449 465 450
f 458 472 473
f 450 466 451
f 458 474 459
f 737 466 739
f 459 929 927
f 452 468 453
f 460 476 461
f 454 468 469
f 462 476 477
f 454 470 455
f 448 297 463
f 206 462 477
f 455 545 543
f 468 5 6
f 475 481 476
f 469 6 7
f 476 482 477
f 470 7 8
f 463 297 1
f 206 477 482
f 470 483 545
f 464 1 2
f 471 478 472
f 465 2 3
f 473 478 479
f 466 3 4
f 473 480 474
f 739 4 677
f 474 931 929
f 546 9 471
f 544 608 610
f 456 546 471
f 518 582 584
f 542 456 441
f 492 556 558
f 540 441 426
f 543 611 609
f 411 540 426
f 517 585 583
f 536 411 396
f 491 559 557
f 381 536 396
f 546 610 612
f 366 534 381
f 520 584 586
f 351 532 366
f 494 558 560
f 528 351 336
f 545 549 611
f 526 336 321
f 519 587 585
f 524 321 306
f 493 561 559
f 290 524 306
f 484 612 550
f 275 522 290
f 522 586 588
f 518 275 260
f 496 560 562
f 516 260 245
f 521 589 587
f 514 245 230
f 495 563 561
f 512 230 215
f 524 588 590
f 510 215 199
f 498 562 564
f 184 510 199
f 523 591 589
f 506 184 169
f 497 565 563
f 154 506 169
f 526 590 592
f 139 504 154
f 500 564 566
f 124 502 139
f 525 593 591
f 498 124 109
f 499 567 565
f 496 109 94
f 528 592 594
f 79 496 94
f 502 566 568
f 492 79 64
f 527 595 593
f 490 64 49
f 501 569 567
f 488 49 34
f 530 594 596
f 19 488 34
f 504 568 570
f 484 19 9
f 529 597 595
f 512 547 548
f 580 642 644
f 552 618 554
f 607 669 605
f 581 643 579
f 553 619 617
f 608 670 672
f 582 644 646
f 554 620 556
f 609 671 607
f 581 647 645
f 555 621 619
f 610 672 674
f 582 648 584
f 556 622 558
f 611 673 609
f 583 649 647
f 557 623 621
f 612 674 676
f 584 650 586
f 558 624 560
f 549 675 611
f 585 651 649
f 559 625 623
f 550 676 614
f 586 652 588
f 560 626 562
f 587 653 651
f 561 627 625
f 588 654 590
f 562 628 564
f 589 655 653
f 563 629 627
f 489 557 555
f 515 583 581
f 541 609 607
f 490 554 556
f 516 580 582
f 542 606 608
f 487 555 553
f 513 581 579
f 539 607 605
f 488 552 554
f 514 578 580
f 540 604 606
f 485 553 551
f 511 579 577
f 537 605 603
f 486 550 552
f 512 576 578
f 538 602 604
f 483 551 549
f 509 577 575
f 535 603 601
f 510 574 576
f 536 600 602
f 507 575 573
f 533 601 599
f 508 572 574
f 534 598 600
f 505 573 571
f 531 599 597
f 506 570 572
f 532 596 598
f 503 571 569
f 675 614 676
f 673 676 674
f 671 674 672
f 669 672 670
f 667 670 668
f 665 668 666
f 663 666 664
f 661 664 662
f 660 661 662
f 658 659 660
f 656 657 658
f 654 655 656
f 652 653 654
f 650 651 652
f 648 649 650
f 646 647 648
f 643 646 644
f 641 644 642
f 639 642 640
f 637 640 638
f 635 638 636
f 633 636 634
f 631 634 632
f 629 632 630
f 628 629 630
f 626 627 628
f 624 625 626
f 622 623 624
f 620 621 622
f 618 619 620
f 616 617 618
f 614 615 616
f 606 668 670
f 551 617 615
f 579 641 577
f 605 667 603
f 550 616 552
f 578 640 642
f 604 666 668
f 549 615 613
f 577 639 575
f 603 665 601
f 576 638 640
f 602 664 666
f 575 637 573
f 601 663 599
f 574 636 638
f 600 662 664
f 573 635 571
f 599 661 597
f 572 634 636
f 596 662 598
f 571 633 569
f 595 661 659
f 570 632 634
f 594 660 596
f 569 631 567
f 593 659 657
f 568 630 632
f 592 658 594
f 567 629 565
f 591 657 655
f 564 630 566
f 590 656 592
f 467 678 5
f 734 796 798
f 452 740 467
f 708 770 772
f 437 738 452
f 682 744 746
f 422 736 437
f 733 799 797
f 407 734 422
f 707 773 771
f 730 407 392
f 681 747 745
f 377 730 392
f 736 798 800
f 726 377 362
f 710 772 774
f 347 726 362
f 684 746 748
f 332 724 347
f 735 801 799
f 720 332 317
f 709 775 773
f 302 720 317
f 683 749 747
f 286 718 302
f 738 800 802
f 271 716 286
f 712 774 776
f 256 714 271
f 686 748 750
f 241 712 256
f 737 803 801
f 708 241 226
f 711 777 775
f 211 708 226
f 685 751 749
f 195 706 211
f 740 802 804
f 180 704 195
f 714 776 778
f 165 702 180
f 688 750 752
f 150 700 165
f 739 741 803
f 696 150 135
f 713 779 777
f 694 135 120
f 687 753 751
f 692 120 105
f 678 804 742
f 90 692 105
f 716 778 780
f 75 690 90
f 690 752 754
f 60 688 75
f 715 781 779
f 45 686 60
f 689 755 753
f 30 684 45
f 718 780 782
f 680 30 15
f 692 754 756
f 678 15 5
f 717 783 781
f 786 852 788
f 762 824 826
f 789 851 787
f 761 827 825
f 788 854 790
f 762 828 764
f 791 853 789
f 765 827 763
f 792 854 856
f 764 830 766
f 793 855 791
f 765 831 829
f 794 856 858
f 766 832 768
f 795 857 793
f 769 831 767
f 743 805 741
f 796 858 860
f 768 834 770
f 742 808 744
f 797 859 795
f 771 833 769
f 745 807 743
f 798 860 862
f 772 834 836
f 746 808 810
f 799 861 797
f 773 835 771
f 745 811 809
f 800 862 864
f 774 836 838
f 746 812 748
f 679 745 743
f 705 771 769
f 731 797 795
f 680 742 744
f 706 768 770
f 732 794 796
f 677 743 741
f 703 769 767
f 729 795 793
f 704 766 768
f 730 792 794
f 701 767 765
f 727 793 791
f 702 764 766
f 728 790 792
f 699 765 763
f 725 791 789
f 700 762 764
f 726 788 790
f 697 763 761
f 723 789 787
f 698 760 762
f 724 786 788
f 695 761 759
f 721 787 785
f 696 758 760
f 722 784 786
f 693 759 757
f 719 785 783
f 694 756 758
f 720 782 784
f 691 757 755
f 868 805 806
f 866 867 868
f 863 866 864
f 861 864 862
f 860 861 862
f 858 859 860
f 856 857 858
f 853 856 854
f 851 854 852
f 849 852 850
f 847 850 848
f 846 847 848
f 843 846 844
f 842 843 844
f 839 842 840
f 837 840 838
f 835 838 836
f 833 836 834
f 831 834 832
f 829 832 830
f 827 830 828
f 826 827 828
f 823 826 824
f 822 823 824
f 819 822 820
f 817 820 818
f 815 818 816
f 813 816 814
f 811 814 812
f 809 812 810
f 807 810 808
f 805 808 806
f 761 823 759
f 787 849 785
f 758 824 760
f 786 848 850
f 759 821 757
f 785 847 783
f 756 822 758
f 782 848 784
f 757 819 755
f 781 847 845
f 756 818 820
f 782 844 846
f 755 817 753
f 781 843 779
f 752 818 754
f 778 844 780
f 804 806 742
f 753 815 751
f 779 841 777
f 803 805 867
f 752 814 816
f 778 840 842
f 804 866 868
f 751 813 749
f 777 839 775
f 803 865 801
f 748 814 750
f 774 840 776
f 800 866 802
f 749 811 747
f 775 837 773
f 799 865 863
f 930 10 475
f 923 985 921
f 460 930 475
f 895 961 959
f 445 928 460
f 871 933 869
f 430 926 445
f 924 986 988
f 415 924 430
f 896 962 898
f 920 415 400
f 872 934 936
f 918 400 385
f 925 987 923
f 916 385 370
f 899 961 897
f 914 370 355
f 873 935 871
f 912 355 340
f 926 988 990
f 325 912 340
f 898 964 900
f 908 325 310
f 872 938 874
f 294 908 310
f 925 991 989
f 904 294 279
f 899 965 963
f 264 904 279
f 875 937 873
f 900 264 249
f 926 992 928
f 234 900 249
f 900 966 902
f 219 898 234
f 876 938 940
f 894 219 203
f 929 991 927
f 892 203 188
f 903 965 901
f 173 892 188
f 877 939 875
f 158 890 173
f 930 992 994
f 143 888 158
f 904 966 968
f 884 143 128
f 878 940 942
f 113 884 128
f 929 995 993
f 98 882 113
f 905 967 903
f 878 98 83
f 879 941 877
f 68 878 83
f 930 996 932
f 53 876 68
f 904 970 906
f 872 53 38
f 878 944 880
f 870 38 23
f 905 971 969
f 932 23 10
f 881 943 879
f 993 996 994
f 991 994 992
f 989 992 990
f 988 989 990
f 985 988 986
f 983 986 984
f 981 984 982
f 979 982 980
f 977 980 978
f 975 978 976
f 973 976 974
f 971 974 972
f 969 972 970
f 967 970 968
f 965 968 966
f 963 966 964
f 961 964 962
f 960 961 962
f 957 960 958
f 955 958 956
f 954 955 956
f 952 953 954
f 949 952 950
f 947 950 948
f 946 947 948
f 944 945 946
f 941 944 942
f 940 941 942
f 937 940 938
f 935 938 936
f 934 935 936
f 995 934 996
f 932 934 870
f 896 958 960
f 920 986 922
f 931 933 995
f 895 957 893
f 921 983 919
f 892 958 894
f 920 982 984
f 893 955 891
f 919 981 917
f 890 956 892
f 918 980 982
f 891 953 889
f 917 979 915
f 890 952 954
f 916 978 980
f 887 953 951
f 915 977 913
f 888 950 952
f 912 978 914
f 887 949 885
f 913 975 911
f 884 950 886
f 910 976 912
f 885 947 883
f 911 973 909
f 884 946 948
f 910 972 974
f 883 945 881
f 909 971 907
f 882 944 946
f 906 972 908
f 480 22 869
f 5 15 16
f 10 23 24
f 6 16 17
f 481 24 25
f 7 17 18
f 8 18 485
f 1 11 12
f 9 19 20
f 3 2 12
f 478 20 21
f 3 13 14
f 479 21 22
f 4 14 679
f 22 21 36
f 14 29 681
f 22 37 871
f 15 30 31
f 23 38 39
f 16 31 32
f 24 39 40
f 17 32 33
f 18 33 487
f 11 26 27
f 20 19 34
f 12 27 28
f 20 35 36
f 13 28 29
f 33 48 489
f 26 41 42
f 34 49 50
f 27 42 43
f 36 35 50
f 28 43 44
f 37 36 51
f 681 29 44
f 37 52 873
f 30 45 46
f 38 53 54
f 32 31 46
f 39 54 55
f 32 47 48
f 44 59 685
f 52 67 875
f 45 60 61
f 53 68 69
f 46 61 62
f 54 69 70
f 48 47 62
f 48 63 491
f 41 56 57
f 49 64 65
f 42 57 58
f 51 50 65
f 43 58 59
f 51 66 67
f 63 78 493
f 56 71 72
f 64 79 80
f 57 72 73
f 66 65 80
f 58 73 74
f 66 81 82
f 59 74 687
f 875 67 82
f 60 75 76
f 69 68 83
f 61 76 77
f 69 84 85
f 63 62 77
f 82 97 879
f 75 90 91
f 84 83 98
f 77 76 91
f 84 99 100
f 77 92 93
f 493 78 93
f 71 86 87
f 79 94 95
f 72 87 88
f 81 80 95
f 73 88 89
f 82 81 96
f 74 89 689
f 94 109 110
f 87 102 103
f 96 95 110
f 89 88 103
f 97 96 111
f 689 89 104
f 97 112 881
f 90 105 106
f 98 113 114
f 92 91 106
f 100 99 114
f 92 107 108
f 495 93 108
f 86 101 102
f 114 113 128
f 107 106 121
f 115 114 129
f 107 122 123
f 108 123 499
f 101 116 117
f 109 124 125
f 102 117 118
f 111 110 125
f 103 118 119
f 111 126 127
f 104 119 693
f 112 127 883
f 105 120 121
f 117 132 133
f 126 125 140
f 118 133 134
f 126 141 142
f 693 119 134
f 127 142 885
f 120 135 136
f 128 143 144
f 122 121 136
f 130 129 144
f 122 137 138
f 499 123 138
f 117 116 131
f 124 139 140
f 137 136 151
f 144 159 160
f 137 152 153
f 501 138 153
f 131 146 147
f 139 154 155
f 133 132 147
f 141 140 155
f 133 148 149
f 141 156 157
f 134 149 697
f 142 157 887
f 135 150 151
f 144 143 158
f 156 155 170
f 148 163 164
f 156 171 172
f 697 149 164
f 887 157 172
f 150 165 166
f 158 173 174
f 152 151 166
f 159 174 175
f 152 167 168
f 153 168 505
f 146 161 162
f 154 169 170
f 147 162 163
f 175 174 189
f 167 182 183
f 168 183 507
f 161 176 177
f 169 184 185
f 162 177 178
f 170 185 186
f 163 178 179
f 171 186 187
f 699 164 179
f 889 172 187
f 165 180 181
f 173 188 189
f 167 166 181
f 179 178 193
f 186 201 202
f 701 179 194
f 187 202 893
f 180 195 196
f 188 203 204
f 182 181 196
f 190 189 204
f 182 197 198
f 183 198 509
f 176 191 192
f 184 199 200
f 177 192 193
f 186 185 200
f 197 213 214
f 198 214 511
f 191 207 208
f 199 215 216
f 193 192 208
f 201 200 216
f 193 209 210
f 201 217 218
f 703 194 210
f 893 202 218
f 195 211 212
f 203 219 220
f 197 196 212
f 204 220 221
f 217 232 233
f 210 225 707
f 218 233 897
f 211 226 227
f 219 234 235
f 213 212 227
f 221 220 235
f 213 228 229
f 511 214 229
f 207 222 223
f 215 230 231
f 208 223 224
f 217 216 231
f 209 224 225
f 229 244 515
f 222 237 238
f 230 245 246
f 224 223 238
f 232 231 246
f 225 224 239
f 232 247 248
f 225 240 709
f 233 248 899
f 226 241 242
f 234 249 250
f 228 227 242
f 236 235 250
f 228 243 244
f 248 263 901
f 241 256 257
f 249 264 265
f 243 242 257
f 250 265 266
f 243 258 259
f 244 259 517
f 237 252 253
f 245 260 261
f 238 253 254
f 247 246 261
f 240 239 254
f 247 262 263
f 709 240 255
f 252 267 268
f 260 275 276
f 253 268 269
f 262 261 276
f 255 254 269
f 262 277 278
f 255 270 713
f 263 278 903
f 256 271 272
f 265 264 279
f 258 257 272
f 266 265 280
f 258 273 274
f 259 274 519
f 271 286 287
f 279 294 295
f 273 272 287
f 281 280 295
f 273 288 289
f 274 289 521
f 267 282 283
f 275 290 291
f 268 283 284
f 277 276 291
f 269 284 285
f 277 292 293
f 713 270 285
f 278 293 905
f 290 306 307
f 283 299 300
f 292 291 307
f 285 284 300
f 292 308 309
f 285 301 717
f 293 309 907
f 286 302 303
f 294 310 311
f 288 287 303
f 295 311 312
f 289 288 304
f 289 305 523
f 282 298 299
f 311 310 325
f 304 303 318
f 311 326 327
f 304 319 320
f 305 320 525
f 298 313 314
f 306 321 322
f 299 314 315
f 308 307 322
f 301 300 315
f 308 323 324
f 717 301 316
f 907 309 324
f 302 317 318
f 314 329 330
f 323 322 337
f 316 315 330
f 324 323 338
f 316 331 721
f 324 339 911
f 317 332 333
f 326 325 340
f 319 318 333
f 327 326 341
f 319 334 335
f 320 335 527
f 313 328 329
f 321 336 337
f 334 333 348
f 341 356 357
f 334 349 350
f 527 335 350
f 329 328 343
f 336 351 352
f 329 344 345
f 338 337 352
f 331 330 345
f 338 353 354
f 331 346 723
f 339 354 913
f 332 347 348
f 341 340 355
f 353 352 367
f 346 345 360
f 353 368 369
f 346 361 725
f 354 369 915
f 347 362 363
f 356 355 370
f 349 348 363
f 356 371 372
f 349 364 365
f 529 350 365
f 344 343 358
f 351 366 367
f 344 359 360
f 371 386 387
f 364 379 380
f 531 365 380
f 359 358 373
f 366 381 382
f 359 374 375
f 368 367 382
f 361 360 375
f 368 383 384
f 361 376 727
f 369 384 917
f 362 377 378
f 371 370 385
f 364 363 378
f 383 398 399
f 376 391 729
f 917 384 399
f 377 392 393
f 386 385 400
f 379 378 393
f 386 401 402
f 379 394 395
f 380 395 535
f 373 388 389
f 381 396 397
f 374 389 390
f 383 382 397
f 376 375 390
f 395 410 537
f 388 403 404
f 396 411 412
f 390 389 404
f 398 397 412
f 391 390 405
f 398 413 414
f 729 391 406
f 399 414 921
f 392 407 408
f 401 400 415
f 394 393 408
f 401 416 417
f 394 409 410
f 731 406 421
f 414 429 923
f 407 422 423
f 415 430 431
f 409 408 423
f 416 431 432
f 409 424 425
f 410 425 539
f 403 418 419
f 411 426 427
f 404 419 420
f 413 412 427
f 405 420 421
f 413 428 429
f 539 425 440
f 418 433 434
f 426 441 442
f 419 434 435
f 428 427 442
f 420 435 436
f 428 443 444
f 733 421 436
f 923 429 444
f 422 437 438
f 430 445 446
f 424 423 438
f 431 446 447
f 425 424 439
f 444 459 927
f 437 452 453
f 445 460 461
f 439 438 453
f 446 461 462
f 439 454 455
f 440 455 543
f 434 433 448
f 441 456 457
f 435 434 449
f 443 442 457
f 436 435 450
f 443 458 459
f 735 436 451
f 448 463 464
f 456 471 472
f 449 464 465
f 458 457 472
f 450 465 466
f 458 473 474
f 737 451 466
f 459 474 929
f 452 467 468
f 460 475 476
f 454 453 468
f 462 461 476
f 454 469 470
f 455 470 545
f 468 467 5
f 475 10 481
f 469 468 6
f 476 481 482
f 470 469 7
f 470 8 483
f 464 463 1
f 471 9 478
f 465 464 2
f 473 472 478
f 466 465 3
f 473 479 480
f 739 466 4
f 474 480 931
f 546 484 9
f 544 542 608
f 456 544 546
f 518 516 582
f 542 544 456
f 492 490 556
f 540 542 441
f 543 545 611
f 411 538 540
f 517 519 585
f 536 538 411
f 491 493 559
f 381 534 536
f 546 544 610
f 366 532 534
f 520 518 584
f 351 530 532
f 494 492 558
f 528 530 351
f 545 483 549
f 526 528 336
f 519 521 587
f 524 526 321
f 493 495 561
f 290 522 524
f 484 546 612
f 275 520 522
f 522 520 586
f 518 520 275
f 496 494 560
f 516 518 260
f 521 523 589
f 514 516 245
f 495 497 563
f 512 514 230
f 524 522 588
f 510 512 215
f 498 496 562
f 184 508 510
f 523 525 591
f 506 508 184
f 497 499 565
f 154 504 506
f 526 524 590
f 139 502 504
f 500 498 564
f 124 500 502
f 525 527 593
f 498 500 124
f 499 501 567
f 496 498 109
f 528 526 592
f 79 494 496
f 502 500 566
f 492 494 79
f 527 529 595
f 490 492 64
f 501 503 569
f 488 490 49
f 530 528 594
f 19 486 488
f 504 502 568
f 484 486 19
f 529 531 597
f 512 510 547
f 580 578 642
f 552 616 618
f 607 671 669
f 581 645 643
f 553 555 619
f 608 606 670
f 582 580 644
f 554 618 620
f 609 673 671
f 581 583 647
f 555 557 621
f 610 608 672
f 582 646 648
f 556 620 622
f 611 675 673
f 583 585 649
f 557 559 623
f 612 610 674
f 584 648 650
f 558 622 624
f 549 613 675
f 585 587 651
f 559 561 625
f 550 612 676
f 586 650 652
f 560 624 626
f 587 589 653
f 561 563 627
f 588 652 654
f 562 626 628
f 589 591 655
f 563 565 629
f 489 491 557
f 515 517 583
f 541 543 609
f 490 488 554
f 516 514 580
f 542 540 606
f 487 489 555
f 513 515 581
f 539 541 607
f 488 486 552
f 514 512 578
f 540 538 604
f 485 487 553
f 511 513 579
f 537 539 605
f 486 484 550
f 512 510 576
f 538 536 602
f 483 485 551
f 509 511 577
f 535 537 603
f 510 508 574
f 536 534 600
f 507 509 575
f 533 535 601
f 508 506 572
f 534 532 598
f 505 507 573
f 531 533 599
f 506 504 570
f 532 530 596
f 503 505 571
f 675 613 614
f 673 675 676
f 671 673 674
f 669 671 672
f 667 669 670
f 665 667 668
f 663 665 666
f 661 663 664
f 660 659 661
f 658 657 659
f 656 655 657
f 654 653 655
f 652 651 653
f 650 649 651
f 648 647 649
f 646 645 647
f 643 645 646
f 641 643 644
f 639 641 642
f 637 639 640
f 635 637 638
f 633 635 636
f 631 633 634
f 629 631 632
f 628 627 629
f 626 625 627
f 624 623 625
f 622 621 623
f 620 619 621
f 618 617 619
f 616 615 617
f 614 613 615
f 606 604 668
f 551 553 617
f 579 643 641
f 605 669 667
f 550 614 616
f 578 576 640
f 604 602 666
f 549 551 615
f 577 641 639
f 603 667 665
f 576 574 638
f 602 600 664
f 575 639 637
f 601 665 663
f 574 572 636
f 600 598 662
f 573 637 635
f 599 663 661
f 572 570 634
f 596 660 662
f 571 635 633
f 595 597 661
f 570 568 632
f 594 658 660
f 569 633 631
f 593 595 659
f 568 566 630
f 592 656 658
f 567 631 629
f 591 593 657
f 564 628 630
f 590 654 656
f 467 740 678
f 734 732 796
f 452 738 740
f 708 706 770
f 437 736 738
f 682 680 744
f 422 734 736
f 733 735 799
f 407 732 734
f 707 709 773
f 730 732 407
f 681 683 747
f 377 728 730
f 736 734 798
f 726 728 377
f 710 708 772
f 347 724 726
f 684 682 746
f 332 722 724
f 735 737 801
f 720 722 332
f 709 711 775
f 302 718 720
f 683 685 749
f 286 716 718
f 738 736 800
f 271 714 716
f 712 710 774
f 256 712 714
f 686 684 748
f 241 710 712
f 737 739 803
f 708 710 241
f 711 713 777
f 211 706 708
f 685 687 751
f 195 704 706
f 740 738 802
f 180 702 704
f 714 712 776
f 165 700 702
f 688 686 750
f 150 698 700
f 739 677 741
f 696 698 150
f 713 715 779
f 694 696 135
f 687 689 753
f 692 694 120
f 678 740 804
f 90 690 692
f 716 714 778
f 75 688 690
f 690 688 752
f 60 686 688
f 715 717 781
f 45 684 686
f 689 691 755
f 30 682 684
f 718 716 780
f 680 682 30
f 692 690 754
f 678 680 15
f 717 719 783
f 786 850 852
f 762 760 824
f 789 853 851
f 761 763 827
f 788 852 854
f 762 826 828
f 791 855 853
f 765 829 827
f 792 790 854
f 764 828 830
f 793 857 855
f 765 767 831
f 794 792 856
f 766 830 832
f 795 859 857
f 769 833 831
f 743 807 805
f 796 794 858
f 768 832 834
f 742 806 808
f 797 861 859
f 771 835 833
f 745 809 807
f 798 796 860
f 772 770 834
f 746 744 808
f 799 863 861
f 773 837 835
f 745 747 811
f 800 798 862
f 774 772 836
f 746 810 812
f 679 681 745
f 705 707 771
f 731 733 797
f 680 678 742
f 706 704 768
f 732 730 794
f 677 679 743
f 703 705 769
f 729 731 795
f 704 702 766
f 730 728 792
f 701 703 767
f 727 729 793
f 702 700 764
f 728 726 790
f 699 701 765
f 725 727 791
f 700 698 762
f 726 724 788
f 697 699 763
f 723 725 789
f 698 696 760
f 724 722 786
f 695 697 761
f 721 723 787
f 696 694 758
f 722 720 784
f 693 695 759
f 719 721 785
f 694 692 756
f 720 718 782
f 691 693 757
f 868 867 805
f 866 865 867
f 863 865 866
f 861 863 864
f 860 859 861
f 858 857 859
f 856 855 857
f 853 855 856
f 851 853 854
f 849 851 852
f 847 849 850
f 846 845 847
f 843 845 846
f 842 841 843
f 839 841 842
f 837 839 840
f 835 837 838
f 833 835 836
f 831 833 834
f 829 831 832
f 827 829 830
f 826 825 827
f 823 825 826
f 822 821 823
f 819 821 822
f 817 819 820
f 815 817 818
f 813 815 816
f 811 813 814
f 809 811 812
f 807 809 810
f 805 807 808
f 761 825 823
f 787 851 849
f 758 822 824
f 786 784 848
f 759 823 821
f 785 849 847
f 756 820 822
f 782 846 848
f 757 821 819
f 781 783 847
f 756 754 818
f 782 780 844
f 755 819 817
f 781 845 843
f 752 816 818
f 778 842 844
f 804 868 806
f 753 817 815
f 779 843 841
f 803 741 805
f 752 750 814
f 778 776 840
f 804 802 866
f 751 815 813
f 777 841 839
f 803 867 865
f 748 812 814
f 774 838 840
f 800 864 866
f 749 813 811
f 775 839 837
f 799 801 865
f 930 932 10
f 923 987 985
f 460 928 930
f 895 897 961
f 445 926 928
f 871 935 933
f 430 924 926
f 924 922 986
f 415 922 924
f 896 960 962
f 920 922 415
f 872 870 934
f 918 920 400
f 925 989 987
f 916 918 385
f 899 963 961
f 914 916 370
f 873 937 935
f 912 914 355
f 926 924 988
f 325 910 912
f 898 962 964
f 908 910 325
f 872 936 938
f 294 906 908
f 925 927 991
f 904 906 294
f 899 901 965
f 264 902 904
f 875 939 937
f 900 902 264
f 926 990 992
f 234 898 900
f 900 964 966
f 219 896 898
f 876 874 938
f 894 896 219
f 929 993 991
f 892 894 203
f 903 967 965
f 173 890 892
f 877 941 939
f 158 888 890
f 930 928 992
f 143 886 888
f 904 902 966
f 884 886 143
f 878 876 940
f 113 882 884
f 929 931 995
f 98 880 882
f 905 969 967
f 878 880 98
f 879 943 941
f 68 876 878
f 930 994 996
f 53 874 876
f 904 968 970
f 872 874 53
f 878 942 944
f 870 872 38
f 905 907 971
f 932 870 23
f 881 945 943
f 993 995 996
f 991 993 994
f 989 991 992
f 988 987 989
f 985 987 988
f 983 985 986
f 981 983 984
f 979 981 982
f 977 979 980
f 975 977 978
f 973 975 976
f 971 973 974
f 969 971 972
f 967 969 970
f 965 967 968
f 963 965 966
f 961 963 964
f 960 959 961
f 957 959 960
f 955 957 958
f 954 953 955
f 952 951 953
f 949 951 952
f 947 949 950
f 946 945 947
f 944 943 945
f 941 943 944
f 940 939 941
f 937 939 940
f 935 937 938
f 934 933 935
f 995 933 934
f 932 996 934
f 896 894 958
f 920 984 986
f 931 869 933
f 895 959 957
f 921 985 983
f 892 956 958
f 920 918 982
f 893 957 955
f 919 983 981
f 890 954 956
f 918 916 980
f 891 955 953
f 917 981 979
f 890 888 952
f 916 914 978
f 887 889 953
f 915 979 977
f 888 886 950
f 912 976 978
f 887 951 949
f 913 977 975
f 884 948 950
f 910 974 976
f 885 949 947
f 911 975 973
f 884 882 946
f 910 908 972
f 883 947 945
f 909 973 971
f 882 880 944
f 906 970 972
