# Blender v2.80 (sub 75) OBJ File: 'urhajo1.blend'
# www.blender.org
v -3.110481 0.000000 0.098076
v 3.110481 0.148094 0.500000
v 2.932063 -0.205404 0.380775
v 3.075484 -0.205404 0.074690
v -3.022049 0.471258 0.098076
v -2.659648 0.353472 0.500000
v -2.673715 -0.438097 0.401050
v -0.610144 0.500000 0.098076
v -3.110481 0.000000 0.500000
v 3.110481 0.000000 0.500000
v -0.610144 -0.500000 0.098076
v 3.323370 0.000000 0.098076
v -0.610144 0.500000 0.500000
v -0.610144 -0.500000 0.500000
v 3.110481 0.229056 0.098076
v -3.110481 -0.435946 0.098076
v -0.610144 0.000000 3.960599
v -0.145066 0.466132 0.098076
v 0.320012 0.432264 0.098076
v 0.785091 0.398396 0.098076
v 1.250169 0.364528 0.098076
v 1.715247 0.330660 0.098076
v 2.180325 0.296792 0.098076
v 2.645403 0.262924 0.098076
v -0.167368 -0.463176 0.485097
v 0.275408 -0.426351 0.470194
v 0.718184 -0.389527 0.455291
v 1.160959 -0.352702 0.440388
v 1.603735 -0.315878 0.425485
v 2.046511 -0.279053 0.410582
v 2.489287 -0.242229 0.395678
v 2.614780 -0.242229 0.077613
v 2.154077 -0.279053 0.080536
v 1.693374 -0.315878 0.083459
v 1.232670 -0.352702 0.086383
v 0.771967 -0.389527 0.089306
v 0.311263 -0.426351 0.092229
v -0.149440 -0.463176 0.095153
v 2.645403 0.192083 0.500000
v 2.180325 0.236071 0.500000
v 1.715247 0.280059 0.500000
v 1.250168 0.324047 0.500000
v 0.785090 0.368035 0.500000
v 0.320012 0.412024 0.500000
v -0.145066 0.456012 0.500000
v 2.645403 0.000000 0.932575
v 2.180325 0.000000 1.365150
v 1.715247 0.000000 1.797725
v 1.250168 0.000000 2.230300
v 0.785090 0.000000 2.662875
v 0.320012 0.000000 3.095449
v -0.145066 0.000000 3.528024
v -1.122520 0.463368 0.500000
v -1.634896 0.426736 0.500000
v -2.147272 0.390104 0.500000
v -2.419073 0.478444 0.098076
v -1.816096 0.485629 0.098076
v -1.213120 0.492815 0.098076
v -1.235228 0.000000 3.095449
v -1.860313 0.000000 2.230299
v -2.485397 0.000000 1.365150
v -2.157822 -0.453573 0.425788
v -1.641929 -0.469048 0.450525
v -1.126037 -0.484524 0.475263
v -1.235228 -0.483987 0.098076
v -1.860313 -0.467973 0.098076
v -2.485397 -0.451960 0.098076
v -3.020314 0.070694 0.500000
v -2.930148 0.141389 0.500000
v -2.839981 0.212083 0.500000
v -2.749815 0.282778 0.500000
v 3.153059 0.183245 0.098076
v 3.195636 0.137434 0.098076
v 3.238214 0.091622 0.098076
v 3.280792 0.045811 0.098076
v 3.110481 0.118476 0.500000
v 3.110481 0.088857 0.500000
v 3.110481 0.059238 0.500000
v 3.110481 0.029619 0.500000
v -0.610144 0.400000 1.192120
v -0.610144 0.300000 1.884240
v -0.610144 0.200000 2.576360
v -0.610144 0.100000 3.268479
v -3.039736 0.377007 0.098076
v -3.057422 0.282755 0.098076
v -3.075108 0.188503 0.098076
v -3.092795 0.094252 0.098076
v 2.645403 0.153666 0.586515
v 2.645403 0.115250 0.673030
v 2.645403 0.076833 0.759545
v 2.645403 0.038417 0.846060
v 2.180325 0.188857 0.673030
v 2.180325 0.141643 0.846060
v 2.180325 0.094428 1.019090
v 2.180325 0.047214 1.192120
v 1.715247 0.224047 0.759545
v 1.715247 0.168035 1.019090
v 1.715247 0.112024 1.278635
v 1.715247 0.056012 1.538180
v 1.250168 0.259238 0.846060
v 1.250168 0.194428 1.192120
v 1.250168 0.129619 1.538180
v 1.250168 0.064809 1.884240
v 0.785090 0.294428 0.932575
v 0.785090 0.220821 1.365150
v 0.785090 0.147214 1.797725
v 0.785090 0.073607 2.230300
v 0.320012 0.329619 1.019090
v 0.320012 0.247214 1.538180
v 0.320012 0.164809 2.057270
v 0.320012 0.082405 2.576360
v -0.145066 0.364809 1.105605
v -0.145066 0.273607 1.711210
v -0.145066 0.182405 2.316815
v -0.145066 0.091202 2.922420
v -1.145061 0.370694 1.019090
v -1.167603 0.278021 1.538180
v -1.190145 0.185347 2.057270
v -1.212686 0.092674 2.576360
v -1.679979 0.341389 0.846060
v -1.725062 0.256042 1.192120
v -1.770146 0.170694 1.538180
v -1.815229 0.085347 1.884240
v -2.214897 0.312083 0.673030
v -2.282522 0.234062 0.846060
v -2.350147 0.156042 1.019090
v -2.417772 0.078021 1.192120
v 3.065876 -0.051351 0.470194
v 3.021272 -0.102702 0.440388
v 2.976667 -0.154053 0.410582
v -3.110481 -0.108987 0.098076
v -3.110481 -0.217973 0.098076
v -3.110481 -0.326960 0.098076
v -2.782906 -0.328573 0.425788
v -2.892098 -0.219048 0.450525
v -3.001289 -0.109524 0.475263
v 3.261398 -0.051351 0.092229
v 3.199427 -0.102702 0.086383
v 3.137455 -0.154053 0.080536
v -0.610144 -0.125000 3.095449
v -0.610144 -0.250000 2.230299
v -0.610144 -0.375000 1.365150
v 2.606374 -0.060557 0.798351
v 2.567345 -0.121114 0.664127
v 2.528316 -0.181671 0.529903
v 2.146871 -0.069763 1.126508
v 2.113418 -0.139527 0.887866
v 2.079964 -0.209290 0.649224
v 1.687369 -0.078969 1.454665
v 1.659491 -0.157939 1.111605
v 1.631613 -0.236908 0.768545
v 1.227866 -0.088176 1.782822
v 1.205564 -0.176351 1.335344
v 1.183262 -0.264527 0.887866
v 0.768364 -0.097382 2.110979
v 0.751637 -0.194763 1.559083
v 0.734910 -0.292145 1.007187
v 0.308861 -0.106588 2.439136
v 0.297710 -0.213176 1.782822
v 0.286559 -0.319763 1.126508
v -0.150641 -0.115794 2.767292
v -0.156217 -0.231588 2.006561
v -0.161792 -0.347382 1.245829
v -1.207930 -0.121131 2.440403
v -1.180632 -0.242262 1.785356
v -1.153334 -0.363393 1.130309
v -1.805717 -0.117262 1.785356
v -1.751121 -0.234524 1.340412
v -1.696525 -0.351786 0.895469
v -2.403503 -0.113393 1.130309
v -2.321609 -0.226786 0.895469
v -2.239716 -0.340179 0.660628
v -3.110481 0.000000 -0.098076
v 3.110481 0.148094 -0.500000
v 2.932063 -0.205404 -0.380775
v 3.075484 -0.205404 -0.074690
v -3.022049 0.471258 -0.098076
v -2.659648 0.353472 -0.500000
v -2.673715 -0.438097 -0.401050
v -0.610144 0.500000 -0.098076
v -3.110481 0.000000 -0.500000
v 3.110481 0.000000 -0.500000
v -0.610144 -0.500000 -0.098076
v 3.323370 0.000000 -0.098076
v -0.610144 0.500000 -0.500000
v -0.610144 -0.500000 -0.500000
v 3.110481 0.229056 -0.098076
v -3.110481 -0.435946 -0.098076
v -0.610144 0.000000 -3.960599
v -3.110481 -0.435946 0.000000
v 3.110481 0.248812 0.000000
v -3.110481 0.857243 0.000000
v 3.110481 -0.205404 0.000000
v 3.375318 0.000000 0.000000
v -3.110481 0.000000 0.000000
v -0.610144 -0.500000 0.000000
v -0.610144 0.500000 0.000000
v -0.145066 0.466132 -0.098076
v 0.320012 0.432264 -0.098076
v 0.785091 0.398396 -0.098076
v 1.250169 0.364528 -0.098076
v 1.715247 0.330660 -0.098076
v 2.180325 0.296792 -0.098076
v 2.645403 0.262924 -0.098076
v -0.167368 -0.463176 -0.485097
v 0.275408 -0.426351 -0.470194
v 0.718184 -0.389527 -0.455291
v 1.160959 -0.352702 -0.440388
v 1.603735 -0.315878 -0.425485
v 2.046511 -0.279053 -0.410582
v 2.489287 -0.242229 -0.395678
v 2.614780 -0.242229 -0.077613
v 2.154077 -0.279053 -0.080536
v 1.693374 -0.315878 -0.083459
v 1.232670 -0.352702 -0.086383
v 0.771967 -0.389527 -0.089306
v 0.311263 -0.426351 -0.092229
v -0.149440 -0.463176 -0.095153
v 2.645403 0.192083 -0.500000
v 2.180325 0.236071 -0.500000
v 1.715247 0.280059 -0.500000
v 1.250168 0.324047 -0.500000
v 0.785090 0.368035 -0.500000
v 0.320012 0.412024 -0.500000
v -0.145066 0.456012 -0.500000
v 2.645403 0.000000 -0.932575
v 2.180325 0.000000 -1.365150
v 1.715247 0.000000 -1.797725
v 1.250168 0.000000 -2.230300
v 0.785090 0.000000 -2.662875
v 0.320012 0.000000 -3.095449
v -0.145066 0.000000 -3.528024
v -0.145066 0.468601 0.000000
v 0.320012 0.437203 0.000000
v 0.785091 0.405805 0.000000
v 1.250169 0.374406 0.000000
v 1.715247 0.343008 0.000000
v 2.180325 0.311609 0.000000
v 2.645403 0.280211 0.000000
v 2.645403 -0.242229 0.000000
v 2.180325 -0.279053 0.000000
v 1.715247 -0.315878 0.000000
v 1.250168 -0.352702 0.000000
v 0.785090 -0.389527 0.000000
v 0.320012 -0.426351 0.000000
v -0.145066 -0.463176 0.000000
v -1.122520 0.463368 -0.500000
v -1.634896 0.426736 -0.500000
v -2.147272 0.390104 -0.500000
v -2.419073 0.478444 -0.098076
v -1.816096 0.485629 -0.098076
v -1.213120 0.492815 -0.098076
v -1.235228 0.000000 -3.095449
v -1.860313 0.000000 -2.230299
v -2.485397 0.000000 -1.365150
v -2.157822 -0.453573 -0.425788
v -1.641929 -0.469048 -0.450525
v -1.126037 -0.484524 -0.475263
v -1.235228 -0.483987 -0.098076
v -1.860313 -0.467973 -0.098076
v -2.485397 -0.451960 -0.098076
v -1.235228 -0.483987 0.000000
v -1.860313 -0.467973 0.000000
v -2.485397 -0.451960 0.000000
v -2.485397 0.767932 0.000000
v -1.860312 0.678621 0.000000
v -1.235228 0.589311 0.000000
v -3.020314 0.070694 -0.500000
v -2.930148 0.141389 -0.500000
v -2.839981 0.212083 -0.500000
v -2.749815 0.282778 -0.500000
v 3.153059 0.183245 -0.098076
v 3.195636 0.137434 -0.098076
v 3.238214 0.091622 -0.098076
v 3.280792 0.045811 -0.098076
v 3.110481 0.118476 -0.500000
v 3.110481 0.088857 -0.500000
v 3.110481 0.059238 -0.500000
v 3.110481 0.029619 -0.500000
v -0.610144 0.400000 -1.192120
v -0.610144 0.300000 -1.884240
v -0.610144 0.200000 -2.576360
v -0.610144 0.100000 -3.268479
v -3.039736 0.377007 -0.098076
v -3.057422 0.282755 -0.098076
v -3.075108 0.188503 -0.098076
v -3.092795 0.094252 -0.098076
v 3.163448 0.199050 0.000000
v 3.216416 0.149287 0.000000
v 3.269383 0.099525 0.000000
v 3.322351 0.049762 0.000000
v -3.110481 0.685794 0.000000
v -3.110481 0.514346 0.000000
v -3.110481 0.342897 0.000000
v -3.110481 0.171449 0.000000
v 2.645403 0.153666 -0.586515
v 2.645403 0.115250 -0.673030
v 2.645403 0.076833 -0.759545
v 2.645403 0.038417 -0.846060
v 2.180325 0.188857 -0.673030
v 2.180325 0.141643 -0.846060
v 2.180325 0.094428 -1.019090
v 2.180325 0.047214 -1.192120
v 1.715247 0.224047 -0.759545
v 1.715247 0.168035 -1.019090
v 1.715247 0.112024 -1.278635
v 1.715247 0.056012 -1.538180
v 1.250168 0.259238 -0.846060
v 1.250168 0.194428 -1.192120
v 1.250168 0.129619 -1.538180
v 1.250168 0.064809 -1.884240
v 0.785090 0.294428 -0.932575
v 0.785090 0.220821 -1.365150
v 0.785090 0.147214 -1.797725
v 0.785090 0.073607 -2.230300
v 0.320012 0.329619 -1.019090
v 0.320012 0.247214 -1.538180
v 0.320012 0.164809 -2.057270
v 0.320012 0.082405 -2.576360
v -0.145066 0.364809 -1.105605
v -0.145066 0.273607 -1.711210
v -0.145066 0.182405 -2.316815
v -0.145066 0.091202 -2.922420
v -1.145061 0.370694 -1.019090
v -1.167603 0.278021 -1.538180
v -1.190145 0.185347 -2.057270
v -1.212686 0.092674 -2.576360
v -1.679979 0.341389 -0.846060
v -1.725062 0.256042 -1.192120
v -1.770146 0.170694 -1.538180
v -1.815229 0.085347 -1.884240
v -2.214897 0.312083 -0.673030
v -2.282522 0.234062 -0.846060
v -2.350147 0.156042 -1.019090
v -2.417772 0.078021 -1.192120
v 3.065876 -0.051351 -0.470194
v 3.021272 -0.102702 -0.440388
v 2.976667 -0.154053 -0.410582
v -3.110481 -0.108987 -0.098076
v -3.110481 -0.217973 -0.098076
v -3.110481 -0.326960 -0.098076
v -2.782906 -0.328573 -0.425788
v -2.892098 -0.219048 -0.450525
v -3.001289 -0.109524 -0.475263
v 3.261398 -0.051351 -0.092229
v 3.199427 -0.102702 -0.086383
v 3.137455 -0.154053 -0.080536
v -0.610144 -0.125000 -3.095449
v -0.610144 -0.250000 -2.230299
v -0.610144 -0.375000 -1.365150
v -3.110481 -0.108987 0.000000
v -3.110481 -0.217973 0.000000
v -3.110481 -0.326960 0.000000
v 3.309109 -0.051351 0.000000
v 3.242899 -0.102702 0.000000
v 3.176690 -0.154053 0.000000
v 2.606374 -0.060557 -0.798351
v 2.567345 -0.121114 -0.664127
v 2.528316 -0.181671 -0.529903
v 2.146871 -0.069763 -1.126508
v 2.113418 -0.139527 -0.887866
v 2.079964 -0.209290 -0.649224
v 1.687369 -0.078969 -1.454665
v 1.659491 -0.157939 -1.111605
v 1.631613 -0.236908 -0.768545
v 1.227866 -0.088176 -1.782822
v 1.205564 -0.176351 -1.335344
v 1.183262 -0.264527 -0.887866
v 0.768364 -0.097382 -2.110979
v 0.751637 -0.194763 -1.559083
v 0.734910 -0.292145 -1.007187
v 0.308861 -0.106588 -2.439136
v 0.297710 -0.213176 -1.782822
v 0.286559 -0.319763 -1.126508
v -0.150641 -0.115794 -2.767292
v -0.156217 -0.231588 -2.006561
v -0.161792 -0.347382 -1.245829
v -1.207930 -0.121131 -2.440403
v -1.180632 -0.242262 -1.785356
v -1.153334 -0.363393 -1.130309
v -1.805717 -0.117262 -1.785356
v -1.751121 -0.234524 -1.340412
v -1.696525 -0.351786 -0.895469
v -2.403503 -0.113393 -1.130309
v -2.321609 -0.226786 -0.895469
v -2.239716 -0.340179 -0.660628
s off
f 56 6 55
f 124 6 71
f 194 137 354
f 32 3 31
f 72 2 76
f 265 5 56
f 12 128 137
f 6 84 71
f 170 9 136
f 52 140 161
f 136 1 131
f 196 65 262
f 11 64 65
f 112 13 80
f 18 13 45
f 233 8 18
f 1 351 131
f 240 4 32
f 5 292 84
f 288 15 72
f 196 38 11
f 246 37 38
f 245 36 37
f 244 35 36
f 243 34 35
f 242 33 34
f 241 32 33
f 191 24 15
f 239 23 24
f 238 22 23
f 237 21 22
f 236 20 21
f 235 19 20
f 234 18 19
f 15 39 2
f 24 40 39
f 23 41 40
f 22 42 41
f 21 43 42
f 20 44 43
f 19 45 44
f 2 88 76
f 88 40 92
f 92 41 96
f 96 42 100
f 100 43 104
f 104 44 108
f 108 45 112
f 10 143 128
f 46 146 143
f 47 149 146
f 48 152 149
f 49 155 152
f 50 158 155
f 51 161 158
f 11 25 14
f 38 26 25
f 37 27 26
f 36 28 27
f 35 29 28
f 34 30 29
f 33 31 30
f 67 7 16
f 66 62 67
f 65 63 66
f 264 16 190
f 263 67 264
f 262 66 263
f 140 59 164
f 164 60 167
f 167 61 170
f 197 58 8
f 267 57 58
f 266 56 57
f 13 116 80
f 53 120 116
f 54 124 120
f 8 53 13
f 58 54 53
f 57 55 54
f 123 61 60
f 122 127 123
f 121 126 122
f 120 125 121
f 119 60 59
f 118 123 119
f 117 122 118
f 116 121 117
f 83 59 17
f 82 119 83
f 81 118 82
f 80 117 81
f 51 115 52
f 111 114 115
f 110 113 114
f 109 112 113
f 50 111 51
f 107 110 111
f 106 109 110
f 105 108 109
f 49 107 50
f 103 106 107
f 102 105 106
f 101 104 105
f 48 103 49
f 99 102 103
f 98 101 102
f 97 100 101
f 47 99 48
f 95 98 99
f 94 97 98
f 93 96 97
f 46 95 47
f 91 94 95
f 90 93 94
f 89 92 93
f 10 91 46
f 79 90 91
f 78 89 90
f 77 88 89
f 194 75 12
f 291 74 75
f 290 73 74
f 289 72 73
f 87 195 1
f 86 295 87
f 85 294 86
f 84 293 85
f 52 83 17
f 115 82 83
f 114 81 82
f 113 80 81
f 68 1 9
f 69 87 68
f 70 86 69
f 71 85 70
f 12 79 10
f 75 78 79
f 74 77 78
f 73 76 77
f 127 9 61
f 126 68 127
f 125 69 126
f 124 70 125
f 63 172 62
f 169 171 172
f 168 170 171
f 64 169 63
f 166 168 169
f 165 167 168
f 14 166 64
f 142 165 166
f 141 164 165
f 160 25 26
f 159 163 160
f 158 162 159
f 157 26 27
f 156 160 157
f 155 159 156
f 154 27 28
f 153 157 154
f 152 156 153
f 151 28 29
f 150 154 151
f 149 153 150
f 148 29 30
f 147 151 148
f 146 150 147
f 145 30 31
f 144 148 145
f 143 147 144
f 130 31 3
f 129 145 130
f 128 144 129
f 133 190 16
f 132 353 133
f 131 352 132
f 7 133 16
f 134 132 133
f 135 131 132
f 163 14 25
f 162 142 163
f 161 141 162
f 62 134 7
f 172 135 134
f 171 136 135
f 139 3 4
f 138 130 139
f 137 129 138
f 356 4 193
f 355 139 356
f 354 138 355
f 250 178 177
f 332 178 249
f 345 194 354
f 212 175 176
f 272 174 187
f 265 177 192
f 336 184 345
f 284 178 271
f 384 181 255
f 348 232 375
f 344 173 181
f 259 196 262
f 258 183 259
f 320 185 225
f 198 185 180
f 233 180 197
f 351 173 339
f 240 176 193
f 292 177 284
f 288 187 191
f 196 218 246
f 246 217 245
f 245 216 244
f 244 215 243
f 243 214 242
f 242 213 241
f 241 212 240
f 191 204 239
f 239 203 238
f 238 202 237
f 237 201 236
f 236 200 235
f 235 199 234
f 234 198 233
f 187 219 204
f 204 220 203
f 203 221 202
f 202 222 201
f 201 223 200
f 200 224 199
f 199 225 198
f 296 174 276
f 296 220 219
f 300 221 220
f 304 222 221
f 308 223 222
f 312 224 223
f 316 225 224
f 357 182 336
f 360 226 357
f 363 227 360
f 366 228 363
f 369 229 366
f 372 230 369
f 375 231 372
f 183 205 218
f 218 206 217
f 217 207 216
f 216 208 215
f 215 209 214
f 214 210 213
f 213 211 212
f 179 261 188
f 256 260 261
f 257 259 260
f 188 264 190
f 261 263 264
f 260 262 263
f 348 253 189
f 378 254 253
f 381 255 254
f 197 252 267
f 267 251 266
f 266 250 265
f 324 185 280
f 328 247 324
f 332 248 328
f 180 247 252
f 252 248 251
f 251 249 250
f 255 331 254
f 335 330 331
f 334 329 330
f 333 328 329
f 254 327 253
f 331 326 327
f 330 325 326
f 329 324 325
f 253 283 189
f 327 282 283
f 326 281 282
f 325 280 281
f 231 323 319
f 319 322 318
f 318 321 317
f 317 320 316
f 230 319 315
f 315 318 314
f 314 317 313
f 313 316 312
f 229 315 311
f 311 314 310
f 310 313 309
f 309 312 308
f 228 311 307
f 307 310 306
f 306 309 305
f 305 308 304
f 227 307 303
f 303 306 302
f 302 305 301
f 301 304 300
f 226 303 299
f 299 302 298
f 298 301 297
f 297 300 296
f 182 299 279
f 279 298 278
f 278 297 277
f 277 296 276
f 194 275 291
f 291 274 290
f 290 273 289
f 289 272 288
f 195 287 173
f 295 286 287
f 294 285 286
f 293 284 285
f 232 283 323
f 323 282 322
f 322 281 321
f 321 280 320
f 173 268 181
f 287 269 268
f 286 270 269
f 285 271 270
f 184 279 275
f 275 278 274
f 274 277 273
f 273 276 272
f 181 335 255
f 268 334 335
f 269 333 334
f 270 332 333
f 257 386 383
f 383 385 382
f 382 384 381
f 258 383 380
f 380 382 379
f 379 381 378
f 186 380 350
f 350 379 349
f 349 378 348
f 205 374 206
f 377 373 374
f 376 372 373
f 206 371 207
f 374 370 371
f 373 369 370
f 207 368 208
f 371 367 368
f 370 366 367
f 208 365 209
f 368 364 365
f 367 363 364
f 209 362 210
f 365 361 362
f 364 360 361
f 210 359 211
f 362 358 359
f 361 357 358
f 211 338 175
f 359 337 338
f 358 336 337
f 190 341 188
f 353 340 341
f 352 339 340
f 179 341 342
f 342 340 343
f 343 339 344
f 186 377 205
f 350 376 377
f 349 375 376
f 256 342 386
f 386 343 385
f 385 344 384
f 175 347 176
f 338 346 347
f 337 345 346
f 176 356 193
f 347 355 356
f 346 354 355
f 56 5 6
f 124 55 6
f 194 12 137
f 32 4 3
f 72 15 2
f 265 192 5
f 12 10 128
f 6 5 84
f 170 61 9
f 52 17 140
f 136 9 1
f 196 11 65
f 11 14 64
f 112 45 13
f 18 8 13
f 233 197 8
f 1 195 351
f 240 193 4
f 5 192 292
f 288 191 15
f 196 246 38
f 246 245 37
f 245 244 36
f 244 243 35
f 243 242 34
f 242 241 33
f 241 240 32
f 191 239 24
f 239 238 23
f 238 237 22
f 237 236 21
f 236 235 20
f 235 234 19
f 234 233 18
f 15 24 39
f 24 23 40
f 23 22 41
f 22 21 42
f 21 20 43
f 20 19 44
f 19 18 45
f 2 39 88
f 88 39 40
f 92 40 41
f 96 41 42
f 100 42 43
f 104 43 44
f 108 44 45
f 10 46 143
f 46 47 146
f 47 48 149
f 48 49 152
f 49 50 155
f 50 51 158
f 51 52 161
f 11 38 25
f 38 37 26
f 37 36 27
f 36 35 28
f 35 34 29
f 34 33 30
f 33 32 31
f 67 62 7
f 66 63 62
f 65 64 63
f 264 67 16
f 263 66 67
f 262 65 66
f 140 17 59
f 164 59 60
f 167 60 61
f 197 267 58
f 267 266 57
f 266 265 56
f 13 53 116
f 53 54 120
f 54 55 124
f 8 58 53
f 58 57 54
f 57 56 55
f 123 127 61
f 122 126 127
f 121 125 126
f 120 124 125
f 119 123 60
f 118 122 123
f 117 121 122
f 116 120 121
f 83 119 59
f 82 118 119
f 81 117 118
f 80 116 117
f 51 111 115
f 111 110 114
f 110 109 113
f 109 108 112
f 50 107 111
f 107 106 110
f 106 105 109
f 105 104 108
f 49 103 107
f 103 102 106
f 102 101 105
f 101 100 104
f 48 99 103
f 99 98 102
f 98 97 101
f 97 96 100
f 47 95 99
f 95 94 98
f 94 93 97
f 93 92 96
f 46 91 95
f 91 90 94
f 90 89 93
f 89 88 92
f 10 79 91
f 79 78 90
f 78 77 89
f 77 76 88
f 194 291 75
f 291 290 74
f 290 289 73
f 289 288 72
f 87 295 195
f 86 294 295
f 85 293 294
f 84 292 293
f 52 115 83
f 115 114 82
f 114 113 81
f 113 112 80
f 68 87 1
f 69 86 87
f 70 85 86
f 71 84 85
f 12 75 79
f 75 74 78
f 74 73 77
f 73 72 76
f 127 68 9
f 126 69 68
f 125 70 69
f 124 71 70
f 63 169 172
f 169 168 171
f 168 167 170
f 64 166 169
f 166 165 168
f 165 164 167
f 14 142 166
f 142 141 165
f 141 140 164
f 160 163 25
f 159 162 163
f 158 161 162
f 157 160 26
f 156 159 160
f 155 158 159
f 154 157 27
f 153 156 157
f 152 155 156
f 151 154 28
f 150 153 154
f 149 152 153
f 148 151 29
f 147 150 151
f 146 149 150
f 145 148 30
f 144 147 148
f 143 146 147
f 130 145 31
f 129 144 145
f 128 143 144
f 133 353 190
f 132 352 353
f 131 351 352
f 7 134 133
f 134 135 132
f 135 136 131
f 163 142 14
f 162 141 142
f 161 140 141
f 62 172 134
f 172 171 135
f 171 170 136
f 139 130 3
f 138 129 130
f 137 128 129
f 356 139 4
f 355 138 139
f 354 137 138
f 250 249 178
f 332 271 178
f 345 184 194
f 212 211 175
f 272 276 174
f 265 250 177
f 336 182 184
f 284 177 178
f 384 344 181
f 348 189 232
f 344 339 173
f 259 183 196
f 258 186 183
f 320 280 185
f 198 225 185
f 233 198 180
f 351 195 173
f 240 212 176
f 292 192 177
f 288 272 187
f 196 183 218
f 246 218 217
f 245 217 216
f 244 216 215
f 243 215 214
f 242 214 213
f 241 213 212
f 191 187 204
f 239 204 203
f 238 203 202
f 237 202 201
f 236 201 200
f 235 200 199
f 234 199 198
f 187 174 219
f 204 219 220
f 203 220 221
f 202 221 222
f 201 222 223
f 200 223 224
f 199 224 225
f 296 219 174
f 296 300 220
f 300 304 221
f 304 308 222
f 308 312 223
f 312 316 224
f 316 320 225
f 357 226 182
f 360 227 226
f 363 228 227
f 366 229 228
f 369 230 229
f 372 231 230
f 375 232 231
f 183 186 205
f 218 205 206
f 217 206 207
f 216 207 208
f 215 208 209
f 214 209 210
f 213 210 211
f 179 256 261
f 256 257 260
f 257 258 259
f 188 261 264
f 261 260 263
f 260 259 262
f 348 378 253
f 378 381 254
f 381 384 255
f 197 180 252
f 267 252 251
f 266 251 250
f 324 247 185
f 328 248 247
f 332 249 248
f 180 185 247
f 252 247 248
f 251 248 249
f 255 335 331
f 335 334 330
f 334 333 329
f 333 332 328
f 254 331 327
f 331 330 326
f 330 329 325
f 329 328 324
f 253 327 283
f 327 326 282
f 326 325 281
f 325 324 280
f 231 232 323
f 319 323 322
f 318 322 321
f 317 321 320
f 230 231 319
f 315 319 318
f 314 318 317
f 313 317 316
f 229 230 315
f 311 315 314
f 310 314 313
f 309 313 312
f 228 229 311
f 307 311 310
f 306 310 309
f 305 309 308
f 227 228 307
f 303 307 306
f 302 306 305
f 301 305 304
f 226 227 303
f 299 303 302
f 298 302 301
f 297 301 300
f 182 226 299
f 279 299 298
f 278 298 297
f 277 297 296
f 194 184 275
f 291 275 274
f 290 274 273
f 289 273 272
f 195 295 287
f 295 294 286
f 294 293 285
f 293 292 284
f 232 189 283
f 323 283 282
f 322 282 281
f 321 281 280
f 173 287 268
f 287 286 269
f 286 285 270
f 285 284 271
f 184 182 279
f 275 279 278
f 274 278 277
f 273 277 276
f 181 268 335
f 268 269 334
f 269 270 333
f 270 271 332
f 257 256 386
f 383 386 385
f 382 385 384
f 258 257 383
f 380 383 382
f 379 382 381
f 186 258 380
f 350 380 379
f 349 379 378
f 205 377 374
f 377 376 373
f 376 375 372
f 206 374 371
f 374 373 370
f 373 372 369
f 207 371 368
f 371 370 367
f 370 369 366
f 208 368 365
f 368 367 364
f 367 366 363
f 209 365 362
f 365 364 361
f 364 363 360
f 210 362 359
f 362 361 358
f 361 360 357
f 211 359 338
f 359 358 337
f 358 357 336
f 190 353 341
f 353 352 340
f 352 351 339
f 179 188 341
f 342 341 340
f 343 340 339
f 186 350 377
f 350 349 376
f 349 348 375
f 256 179 342
f 386 342 343
f 385 343 344
f 175 338 347
f 338 337 346
f 337 336 345
f 176 347 356
f 347 346 355
f 346 345 354
